State,City,Name,Language,Time(IST),Type,Price,Capacity,Booked
TamilNadu,Chennai,PvrVrMallAnnaNagar,English,09:00,3DClassic,101₹,32,32
TamilNadu,Chennai,PvrVrMallAnnaNagar,English,09:00,3DPrime,234₹,170,38
Gujarat,Vadodara,InoxSevenSeasMallFatehgunj,Hindi,09:30,Executive,180₹,40,0
Gujarat,Vadodara,InoxSevenSeasMallFatehgunj,Hindi,09:30,Gold,200₹,12,0
Gujarat,Vadodara,InoxSevenSeasMallFatehgunj,Hindi,09:30,Premiere,180₹,100,0
Gujarat,Vadodara,InoxSevenSeasMallFatehgunj,Hindi,09:30,Silver,180₹,74,6
Maharashtra,Mumbai,MetroInoxCinemaMGRoad,English,09:45,Club,190₹,108,8
Maharashtra,Mumbai,MetroInoxCinemaMGRoad,English,09:45,Executive,190₹,36,0
Maharashtra,Mumbai,MetroInoxCinemaMGRoad,English,09:45,Royale,210₹,48,5
MadhyaPradesh,Bhopal,CinepolisAashimaMallBawadiyaKalan,English,09:50,Normal,200₹,34,0
MadhyaPradesh,Bhopal,CinepolisAashimaMallBawadiyaKalan,English,09:50,Executive,200₹,123,0
MadhyaPradesh,Bhopal,CinepolisAashimaMallBawadiyaKalan,English,09:50,Premium,200₹,78,2
Kerala,Trivandrum,PvrLuluThiruvananthapuram,English,09:55,3DClassic,260₹,60,32
Kerala,Trivandrum,PvrLuluThiruvananthapuram,English,09:55,3DPrime,290₹,36,30
Kerala,Trivandrum,PvrLuluThiruvananthapuram,English,09:55,3DRecliner,530₹,8,4
UttarPradesh,Noida,PvrLogixCityCentreNoida,Hindi,10:00,Classic,330₹,120,19
Maharashtra,Mumbai,PvrIconOberoiGoregaonE,English,10:00,Classic,220₹,49,0
Maharashtra,Mumbai,PvrIconOberoiGoregaonE,English,10:00,Prime,250₹,181,28
Maharashtra,Mumbai,PvrIconOberoiGoregaonE,English,10:00,Recliner,360₹,36,5
Maharashtra,Mumbai,PvrIconInfinitiAndheriW,English,10:00,Classic,160₹,42,0
Maharashtra,Mumbai,PvrIconInfinitiAndheriW,English,10:00,Prime,200₹,126,16
Maharashtra,Mumbai,PvrIconInfinitiAndheriW,English,10:00,DboxPrime,300₹,27,0
Maharashtra,Mumbai,PvrIconInfinitiAndheriW,English,10:00,DboxRecliner,430₹,11,2
Delhi,NewDelhi,PvrSapphirePacificD21Dwarka,English,10:10,Classic,290₹,33,6
Delhi,NewDelhi,PvrSapphirePacificD21Dwarka,English,10:10,Prime,320₹,17,10
Goa,Goa,InoxPorvorimBardez,English,10:15,Club,180₹,116,0
Goa,Goa,InoxPorvorimBardez,English,10:15,Executive,180₹,36,0
Goa,Goa,InoxPorvorimBardez,English,10:15,RoyalRecliner,330₹,9,2
Goa,Goa,InoxPorvorimBardez,English,10:15,Royal,200₹,60,11
Delhi,NewDelhi,PvrPromenadeVasantKunj,English,10:20,Classic,330₹,50,4
Delhi,NewDelhi,PvrPromenadeVasantKunj,English,10:20,Prime,360₹,40,5
Delhi,NewDelhi,PvrPromenadeVasantKunj,English,10:20,Classic,370₹,96,11
Delhi,NewDelhi,PvrPromenadeVasantKunj,English,10:20,Prime,400₹,33,22
MadhyaPradesh,Indore,InoxNexusIndoreCentralRegalSquare,Hindi,10:20,Club,150₹,202,7
MadhyaPradesh,Indore,InoxNexusIndoreCentralRegalSquare,Hindi,10:20,Executive,130₹,39,0
Maharashtra,Mumbai,PvrMarketCityKurlaW,English,10:30,Classic,200₹,85,4
Maharashtra,Mumbai,PvrMarketCityKurlaW,English,10:30,Prime,230₹,155,60
Orissa,Bhubaneswar,CinepolisNexusEsplanadeBhubaneswar,English,10:40,Vip,500₹,11,2
Orissa,Bhubaneswar,CinepolisNexusEsplanadeBhubaneswar,English,10:40,Premium,210₹,51,13
Orissa,Bhubaneswar,CinepolisNexusEsplanadeBhubaneswar,English,10:40,Executive,190₹,42,3
Orissa,Bhubaneswar,CinepolisNexusEsplanadeBhubaneswar,English,10:40,Normal,170₹,28,0
Delhi,NewDelhi,CinepolisPacificNsp2,Hindi,10:50,Normal,300₹,65,0
Delhi,NewDelhi,CinepolisPacificNsp2,Hindi,10:50,Executive,320₹,77,15
Delhi,NewDelhi,CinepolisPacificNsp2,Hindi,10:50,Vip,460₹,11,2
Maharashtra,Thane,CinepolisVipVivianaMallThaneW,English,10:50,VipPremium,500₹,57,8
Maharashtra,Thane,CinepolisVipVivianaMallThaneW,English,10:50,VipExecutive,500₹,18,0
Gujarat,Ahmedabad,CinepolisNexusOneAhmedabad,Hindi,11:10,Normal,140₹,36,4
Gujarat,Ahmedabad,CinepolisNexusOneAhmedabad,Hindi,11:10,Executive,160₹,78,15
Gujarat,Ahmedabad,CinepolisNexusOneAhmedabad,Hindi,11:10,Premium,180₹,60,26
Maharashtra,Pune,CinepolisSeasonsMallHadapsar,English,11:10,Normal,180₹,31,0
Maharashtra,Pune,CinepolisSeasonsMallHadapsar,English,11:10,Executive,180₹,104,35
Maharashtra,Pune,CinepolisSeasonsMallHadapsar,English,11:10,Premium,180₹,34,33
Orissa,Rourkela,PvrForumRourkela,Hindi,11:15,Classic,200₹,28,0
Orissa,Rourkela,PvrForumRourkela,Hindi,11:15,Prime,220₹,98,21
Orissa,Rourkela,PvrForumRourkela,Hindi,11:15,PrimePlus,270₹,12,0
Jharkhand,Dhanbad,InoxPrabhatamGrandMallDhanbad,Hindi,11:20,Club,180₹,28,0
Jharkhand,Dhanbad,InoxPrabhatamGrandMallDhanbad,Hindi,11:20,Executive,170₹,28,0
Jharkhand,Dhanbad,InoxPrabhatamGrandMallDhanbad,Hindi,11:20,RoyalRecliners,300₹,13,0
Jharkhand,Dhanbad,InoxPrabhatamGrandMallDhanbad,Hindi,11:20,Royal,180₹,88,6
Jharkhand,Jamshedpur,PjpCinepolisCityCentreMallMauja,English,11:35,Normal,220₹,36,0
Jharkhand,Jamshedpur,PjpCinepolisCityCentreMallMauja,English,11:35,Executive,240₹,75,7
Jharkhand,Jamshedpur,PjpCinepolisCityCentreMallMauja,English,11:35,Premium,260₹,86,28
Jharkhand,Jamshedpur,PjpCinepolisCityCentreMallMauja,English,11:35,Vip,500₹,18,0
WestBengal,Kolkata,InoxCityCentreIiRajarhat,English,11:50,Club,190₹,229,32
WestBengal,Kolkata,InoxCityCentreIiRajarhat,English,11:50,Executive,190₹,42,0
Gujarat,Surat,InoxDrWorldParvatPatiya,Hindi,12:00,Executive,180₹,99,15
Maharashtra,Nagpur,PvrEmpressCityMallNagpur,Hindi,12:00,Classic,160₹,28,0
Maharashtra,Nagpur,PvrEmpressCityMallNagpur,Hindi,12:00,Prime,220₹,84,9
Maharashtra,Nagpur,PvrEmpressCityMallNagpur,Hindi,12:00,PrimePlus,250₹,110,28
Chhattisgarh,Raipur,PvrCityCenterRaipur,Hindi,12:05,Recliner,450₹,12,5
Chhattisgarh,Raipur,PvrCityCenterRaipur,Hindi,12:05,Prime,210₹,140,29
Chhattisgarh,Raipur,PvrCityCenterRaipur,Hindi,12:05,Classic,190₹,24,0
Maharashtra,Thane,CinepolisVipVivianaMallThaneW,English,12:20,VipPremium,650₹,51,35
Maharashtra,Thane,CinepolisVipVivianaMallThaneW,English,12:20,VipExecutive,550₹,16,0
Maharashtra,Mumbai,PvrDynamicJuhu,English,12:30,Prime,340₹,264,73
Maharashtra,Mumbai,PvrDynamicJuhu,English,12:30,Lounger,360₹,12,0
TamilNadu,Chennai,PvrVrMallAnnaNagar,English,12:30,3DClassic,101₹,24,14
TamilNadu,Chennai,PvrVrMallAnnaNagar,English,12:30,3DPrime,246₹,112,110
Karnataka,Bengaluru,PvrNexusFormerlyForumKoramangala,English,12:35,Classic,330₹,95,76
MadhyaPradesh,Gwalior,InoxDbMallRaceCourseRoad,Hindi,12:40,Club,260₹,55,1
MadhyaPradesh,Gwalior,InoxDbMallRaceCourseRoad,Hindi,12:40,Executive,230₹,22,0
MadhyaPradesh,Gwalior,InoxDbMallRaceCourseRoad,Hindi,12:40,Royale,270₹,58,11
Gujarat,Vadodara,InoxTakshGalaxyMallMadhavpura,Hindi,12:45,Club,200₹,60,0
Gujarat,Vadodara,InoxTakshGalaxyMallMadhavpura,Hindi,12:45,Executive,200₹,20,0
Gujarat,Vadodara,InoxTakshGalaxyMallMadhavpura,Hindi,12:45,Royal,200₹,62,3
Gujarat,Ahmedabad,PvrMotera,Hindi,12:45,Classic,180₹,42,0
Gujarat,Ahmedabad,PvrMotera,Hindi,12:45,Prime,220₹,210,17
Bihar,Patna,CinepolisPMMallPatna,Hindi,12:50,Normal,300₹,278,30
Jharkhand,Ranchi,PvrNucleusMallRanchi,Hindi,13:00,Classic,240₹,28,0
Jharkhand,Ranchi,PvrNucleusMallRanchi,Hindi,13:00,Prime,330₹,57,11
Jharkhand,Ranchi,PvrNucleusMallRanchi,Hindi,13:00,PrimePlus,370₹,15,6
Jharkhand,Ranchi,PvrNucleusMallRanchi,Hindi,13:00,ClassicPlus,300₹,98,1
Maharashtra,Mumbai,PvrOdeonGhatkopar,English,13:00,Classic,190₹,40,0
Maharashtra,Mumbai,PvrOdeonGhatkopar,English,13:00,Prime,190₹,143,1
Maharashtra,Mumbai,PvrOdeonGhatkopar,English,13:00,PrimePlus,190₹,88,30
Maharashtra,Mumbai,PvrOdeonGhatkopar,English,13:00,Recliner,290₹,10,5
Gujarat,Jamnagar,InoxCrystalMallJamnagar,Hindi,13:00,Club,210₹,122,0
Gujarat,Jamnagar,InoxCrystalMallJamnagar,Hindi,13:00,Executive,180₹,22,0
Gujarat,Jamnagar,InoxCrystalMallJamnagar,Hindi,13:00,Royal,210₹,35,2
Maharashtra,Aurangabad,InoxProzoneMallChilkalthana,English,13:05,Club,240₹,156,10
Maharashtra,Aurangabad,InoxProzoneMallChilkalthana,English,13:05,Executive,220₹,39,0
Maharashtra,Aurangabad,InoxProzoneMallChilkalthana,English,13:05,Royale,260₹,94,9
Gujarat,Vadodara,PvrNilamberTriumphMallSaiyedVasna,Hindi,13:05,Recliner,360₹,7,0
Gujarat,Vadodara,PvrNilamberTriumphMallSaiyedVasna,Hindi,13:05,Prime,200₹,134,5
Gujarat,Vadodara,PvrNilamberTriumphMallSaiyedVasna,Hindi,13:05,Classic,200₹,33,0
Maharashtra,Nagpur,CinepolisVrNagpurMall,English,13:15,Vip,500₹,12,10
Maharashtra,Nagpur,CinepolisVrNagpurMall,English,13:15,Premium,240₹,66,58
Maharashtra,Nagpur,CinepolisVrNagpurMall,English,13:15,Executive,180₹,90,48
Maharashtra,Nagpur,CinepolisVrNagpurMall,English,13:15,Normal,150₹,35,0
MadhyaPradesh,Gwalior,InoxDbMallRaceCourseRoad,Hindi,13:15,Club,260₹,55,0
MadhyaPradesh,Gwalior,InoxDbMallRaceCourseRoad,Hindi,13:15,Executive,230₹,22,0
MadhyaPradesh,Gwalior,InoxDbMallRaceCourseRoad,Hindi,13:15,Royale,270₹,58,0
UttarPradesh,Noida,PvrLogixCityCentreNoida,English,13:15,Classic,420₹,107,89
Maharashtra,Mumbai,PvrIconPhoenixPalladiumLowerParelMumbai,English,13:15,Recliner,760₹,14,10
Maharashtra,Mumbai,PvrIconPhoenixPalladiumLowerParelMumbai,English,13:15,Prime,460₹,68,45
Maharashtra,Mumbai,PvrIconPhoenixPalladiumLowerParelMumbai,English,13:15,Classic,370₹,42,10
Maharashtra,Mumbai,PvrIconPhoenixPalladiumLowerParelMumbai,English,13:15,Lounger,420₹,10,4
Karnataka,Bengaluru,PvrVrWhitefieldRoad,English,13:30,Classic,310₹,162,101
Karnataka,Bengaluru,PvrVrWhitefieldRoad,English,13:30,Recliner,520₹,16,14
Gujarat,Vadodara,CinepolisInorbitMallGorwa,English,13:30,Normal,200₹,24,0
Gujarat,Vadodara,CinepolisInorbitMallGorwa,English,13:30,Executive,220₹,81,12
Gujarat,Vadodara,CinepolisInorbitMallGorwa,English,13:30,Premium,220₹,29,8
Kerala,Kozhikode,CinepolisGokulamGalleriaMall,English,13:40,Normal,180₹,29,0
Kerala,Kozhikode,CinepolisGokulamGalleriaMall,English,13:40,Executive,180₹,79,8
Kerala,Kozhikode,CinepolisGokulamGalleriaMall,English,13:40,Premium,180₹,44,19
Gujarat,Surat,CinepolisImperialSquareMallAdajan,Hindi,13:40,Normal,180₹,22,0
Gujarat,Surat,CinepolisImperialSquareMallAdajan,Hindi,13:40,Premium,200₹,33,12
Gujarat,Surat,CinepolisImperialSquareMallAdajan,Hindi,13:40,Executive,180₹,81,11
Telangana,Hyderabad,PvrNexusMallFormerlyForumSujanaKukatpallyHyderabad,English,13:45,3DClassic,260₹,246,174
Telangana,Hyderabad,PvrNexusMallFormerlyForumSujanaKukatpallyHyderabad,English,13:45,3DRecliner,385₹,13,13
Gujarat,Surat,InoxVrSuratDumasRoad,Hindi,13:45,Club,200₹,102,0
Gujarat,Surat,InoxVrSuratDumasRoad,Hindi,13:45,Executive,190₹,34,0
Gujarat,Surat,InoxVrSuratDumasRoad,Hindi,13:45,Royal,220₹,54,0
Gujarat,Surat,InoxVrSuratDumasRoad,Hindi,13:45,RoyalRecliner,390₹,12,0
UttarPradesh,Noida,MovieMaxGulshanNoida,English,14:00,3DClub,210₹,32,0
UttarPradesh,Noida,MovieMaxGulshanNoida,English,14:00,3DPrime,250₹,96,3
UttarPradesh,Noida,MovieMaxGulshanNoida,English,14:00,3DExecutive,250₹,54,43
UttarPradesh,Noida,MovieMaxGulshanNoida,English,14:00,3DMaxRecliner,350₹,16,14
Maharashtra,Pune,InoxBundGarden,English,14:00,Royale,440₹,34,17
Kerala,Kochi,CinepolisCentreSquareMallKochi,English,14:15,Normal,170₹,29,2
Kerala,Kochi,CinepolisCentreSquareMallKochi,English,14:15,Executive,190₹,45,15
Kerala,Kochi,CinepolisCentreSquareMallKochi,English,14:15,Premium,200₹,96,65
Maharashtra,Mumbai,MovieTimeHubMallGoregaonE,Hindi,14:45,3DGold,180₹,196,117
UttarPradesh,Lucknow,InoxMegaplexEmeraldLucknow,Hindi,15:00,Club,240₹,56,2
UttarPradesh,Lucknow,InoxMegaplexEmeraldLucknow,Hindi,15:00,Executive,220₹,28,0
UttarPradesh,Lucknow,InoxMegaplexEmeraldLucknow,Hindi,15:00,RoyaleRecliner,460₹,9,5
UttarPradesh,Lucknow,InoxMegaplexEmeraldLucknow,Hindi,15:00,Royale,260₹,41,10
Maharashtra,Mumbai,InoxLaserplexCr2NarimanPoint,English,15:05,Insignia,"1,120₹",70,10
TamilNadu,Chennai,InoxPhoenixMarketCityVelacheryFormerlyJazzCinemas,English,15:10,Budget,96₹,20,20
TamilNadu,Chennai,InoxPhoenixMarketCityVelacheryFormerlyJazzCinemas,English,15:10,Elite,241₹,170,146
Karnataka,Bengaluru,PvrPhoenixMarketcityMallWhitefieldRoad,English,15:15,Classic,350₹,120,94
Karnataka,Bengaluru,PvrPhoenixMarketcityMallWhitefieldRoad,English,15:15,Recliner,620₹,8,8
Karnataka,Bengaluru,PvrCentralSpiritMallBellandur,English,15:20,Classic,310₹,85,38
Karnataka,Bengaluru,PvrCentralSpiritMallBellandur,English,15:20,Prime,330₹,122,100
Karnataka,Bengaluru,PvrCentralSpiritMallBellandur,English,15:20,Recliner,520₹,17,17
MadhyaPradesh,Bhopal,CinepolisAashimaMallBawadiyaKalan,Hindi,15:25,Normal,230₹,34,0
MadhyaPradesh,Bhopal,CinepolisAashimaMallBawadiyaKalan,Hindi,15:25,Executive,230₹,123,41
MadhyaPradesh,Bhopal,CinepolisAashimaMallBawadiyaKalan,Hindi,15:25,Premium,230₹,78,66
Karnataka,Bengaluru,CinepolisNexusShantiniketanThigalarapalya,English,15:30,Normal,300₹,57,56
Karnataka,Bengaluru,CinepolisNexusShantiniketanThigalarapalya,English,15:30,DoubleSofa,450₹,24,22
Karnataka,Bengaluru,CinepolisNexusShantiniketanThigalarapalya,English,15:30,SingleSofa,420₹,6,4
Karnataka,Bengaluru,CinepolisNexusShantiniketanThigalarapalya,English,15:30,Lounger,380₹,9,6
Karnataka,Bengaluru,InoxNexusWhitefield,English,15:35,Insignia,750₹,43,26
Karnataka,Bengaluru,PvrVrWhitefieldRoad,English,15:45,Classic,310₹,210,132
Karnataka,Bengaluru,PvrVrWhitefieldRoad,English,15:45,Prime,330₹,25,25
Karnataka,Bengaluru,PvrVrWhitefieldRoad,English,15:45,Recliner,520₹,20,20
Gujarat,Vadodara,PvrTransCubeVadodara,Hindi,15:45,Classic,200₹,39,0
Gujarat,Vadodara,PvrTransCubeVadodara,Hindi,15:45,Prime,200₹,90,37
Gujarat,Vadodara,PvrTransCubeVadodara,Hindi,15:45,Recliner,360₹,8,6
Kerala,Kochi,PvrOberonMallErnakulam,English,15:50,3DClassic,165₹,36,3
Kerala,Kochi,PvrOberonMallErnakulam,English,15:50,3DClassicPlus,205₹,141,90
Karnataka,Bengaluru,PvrBhartiyaMallOfBengaluru,English,15:55,Classic,290₹,88,18
Karnataka,Bengaluru,PvrBhartiyaMallOfBengaluru,English,15:55,Prime,310₹,99,73
Karnataka,Bengaluru,PvrBhartiyaMallOfBengaluru,English,15:55,Recliner,470₹,14,11
UttarPradesh,GreaterNoida,PvrGaurCityGreaterNoida,Hindi,16:00,Classic,260₹,172,3
UttarPradesh,GreaterNoida,PvrGaurCityGreaterNoida,Hindi,16:00,Prime,290₹,18,1
UttarPradesh,GreaterNoida,PvrGaurCityGreaterNoida,Hindi,16:00,Recliner,440₹,13,3
Telangana,Hyderabad,PvrNextGalleriaMallPanjagutta,English,16:00,3DClassic,260₹,193,112
Telangana,Hyderabad,PvrNextGalleriaMallPanjagutta,English,16:00,3DRecliner,385₹,10,10
UttarPradesh,Lucknow,PvrSaharaGanjMallHazratganj,Hindi,16:00,Classic,220₹,171,2
UttarPradesh,Lucknow,PvrSaharaGanjMallHazratganj,Hindi,16:00,Recliner,370₹,12,0
Haryana,Gurgaon,PvrMgfMallGurgaon,English,16:00,Prime,500₹,61,58
Haryana,Gurgaon,PvrMgfMallGurgaon,English,16:00,Classic,390₹,104,72
MadhyaPradesh,Indore,PvrTreasureIslandMallSouthTukoganj,Hindi,16:00,Prime,300₹,112,44
MadhyaPradesh,Indore,PvrTreasureIslandMallSouthTukoganj,Hindi,16:00,Classic,280₹,144,0
MadhyaPradesh,Indore,PvrTreasureIslandMallSouthTukoganj,Hindi,16:00,Recliner,420₹,21,8
Karnataka,Bengaluru,CinepolisRoyalMeenakshiMallBannerghattaRoad,English,16:00,Normal,350₹,32,1
Karnataka,Bengaluru,CinepolisRoyalMeenakshiMallBannerghattaRoad,English,16:00,Executive,370₹,87,53
Karnataka,Bengaluru,CinepolisRoyalMeenakshiMallBannerghattaRoad,English,16:00,Premium,390₹,46,41
Orissa,Bhubaneswar,CinepolisNexusEsplanadeBhubaneswar,Hindi,16:10,Vip,800₹,11,11
Orissa,Bhubaneswar,CinepolisNexusEsplanadeBhubaneswar,Hindi,16:10,Premium,310₹,51,46
Orissa,Bhubaneswar,CinepolisNexusEsplanadeBhubaneswar,Hindi,16:10,Executive,290₹,42,27
Orissa,Bhubaneswar,CinepolisNexusEsplanadeBhubaneswar,Hindi,16:10,Normal,260₹,28,3
Maharashtra,Nashik,CinemaxCityCenterNasik,Hindi,16:15,Recliner,450₹,16,14
Maharashtra,Nashik,CinemaxCityCenterNasik,Hindi,16:15,Prime,270₹,135,36
Maharashtra,Nashik,CinemaxCityCenterNasik,Hindi,16:15,Classic,260₹,34,6
Maharashtra,NaviMumbai,InoxRaghuleelaMallVashi,English,16:15,Executive,240₹,30,0
Maharashtra,NaviMumbai,InoxRaghuleelaMallVashi,English,16:15,Premier,260₹,147,19
Maharashtra,NaviMumbai,InoxRaghuleelaMallVashi,English,16:15,Silver,260₹,34,18
UttarPradesh,Lucknow,PvrPhoenixUnitedMallAlambagh,Hindi,16:20,Classic,260₹,198,49
UttarPradesh,Lucknow,PvrPhoenixUnitedMallAlambagh,Hindi,16:20,Prime,340₹,26,9
UttarPradesh,Lucknow,PvrPhoenixUnitedMallAlambagh,Hindi,16:20,Recliner,450₹,12,12
Punjab,Ludhiana,PvrPavilionMallLudhiana,Hindi,16:20,Classic,280₹,117,18
Punjab,Ludhiana,PvrPavilionMallLudhiana,Hindi,16:20,Prime,400₹,7,0
Maharashtra,NaviMumbai,PvrOrionPanvel,English,16:30,Classic,270₹,20,0
Maharashtra,NaviMumbai,PvrOrionPanvel,English,16:30,Prime,290₹,98,40
Maharashtra,NaviMumbai,PvrOrionPanvel,English,16:30,PrimePlus,320₹,27,15
UttarPradesh,Lucknow,CinepolisOneAwadhCenterMallGomtiNagar,English,16:30,Normal,190₹,25,0
UttarPradesh,Lucknow,CinepolisOneAwadhCenterMallGomtiNagar,English,16:30,Executive,210₹,68,3
UttarPradesh,Lucknow,CinepolisOneAwadhCenterMallGomtiNagar,English,16:30,Premium,230₹,35,26
UttarPradesh,Lucknow,CinepolisOneAwadhCenterMallGomtiNagar,English,16:30,Vip,500₹,10,6
Maharashtra,Pune,InoxAmanoraTownCentreHadapsar,English,16:30,Club,270₹,157,74
Maharashtra,Pune,InoxAmanoraTownCentreHadapsar,English,16:30,Executive,250₹,42,0
Maharashtra,Pune,InoxAmanoraTownCentreHadapsar,English,16:30,Royale,410₹,6,5
UttarPradesh,Lucknow,PvrSuperplexLulu,Hindi,16:35,Classic,260₹,22,4
UttarPradesh,Lucknow,PvrSuperplexLulu,Hindi,16:35,ClassicPlus,310₹,22,2
UttarPradesh,Lucknow,PvrSuperplexLulu,Hindi,16:35,Prime,330₹,70,65
UttarPradesh,Lucknow,PvrSuperplexLulu,Hindi,16:35,Recliner,560₹,9,5
Haryana,Gurgaon,PvrDirectorsCutGurugramAmbienceMall,English,16:40,Platinum,"1,350₹",32,14
Haryana,Gurgaon,PvrDirectorsCutGurugramAmbienceMall,English,16:40,PlatinumSuperior,"1,550₹",9,8
Haryana,Gurgaon,PvrDirectorsCutGurugramAmbienceMall,English,16:40,DboxSeats,"1,850₹",16,13
Kerala,Thrissur,InoxSobhaCityMallPuzhakkal,English,16:40,Club,220₹,155,24
Kerala,Thrissur,InoxSobhaCityMallPuzhakkal,English,16:40,Executive,160₹,26,0
Kerala,Thrissur,InoxSobhaCityMallPuzhakkal,English,16:40,RoyalRecliner,380₹,10,9
Kerala,Thrissur,InoxSobhaCityMallPuzhakkal,English,16:40,Royal,220₹,20,11
Delhi,NewDelhi,PvrSelectCityWalkGoldDelhi,English,16:40,PlatinumSuperior,"1,100₹",8,8
Delhi,NewDelhi,PvrSelectCityWalkGoldDelhi,English,16:40,Platinum,900₹,24,21
UttarPradesh,GreaterNoida,UsCinemasEuropaLuxGalaxyBlueSapphire,Hindi,17:10,LuxPlus,230₹,143,50
UttarPradesh,GreaterNoida,UsCinemasEuropaLuxGalaxyBlueSapphire,Hindi,17:10,Lux,200₹,80,6
Delhi,NewDelhi,PvrPromenadeVasantKunj,English,17:55,Classic,480₹,96,60
Delhi,NewDelhi,PvrPromenadeVasantKunj,English,17:55,Prime,530₹,17,15
Gujarat,Surat,PvrRahulRajMallDumasRoad,Hindi,18:15,Recliner,380₹,20,15
Gujarat,Surat,PvrRahulRajMallDumasRoad,Hindi,18:15,ClassicPlus,220₹,12,0
Gujarat,Surat,PvrRahulRajMallDumasRoad,Hindi,18:15,Prime,240₹,111,37
Gujarat,Surat,PvrRahulRajMallDumasRoad,Hindi,18:15,Classic,200₹,26,0
Maharashtra,Mumbai,PvrXperiaPalavaDombivaliE,English,18:30,Classic,300₹,38,2
Maharashtra,Mumbai,PvrXperiaPalavaDombivaliE,English,18:30,Prime,350₹,133,16
Maharashtra,Mumbai,PvrXperiaPalavaDombivaliE,English,18:30,Recliner,450₹,12,3
Delhi,NewDelhi,PvrPrashantVihar,English,18:30,Classic,320₹,150,11
Delhi,NewDelhi,PvrPrashantVihar,English,18:30,Prime,350₹,30,0
Maharashtra,Mumbai,MetroInoxCinemaMGRoad,English,18:30,Club,400₹,129,0
Maharashtra,Mumbai,MetroInoxCinemaMGRoad,English,18:30,Executive,360₹,30,0
Maharashtra,Mumbai,MetroInoxCinemaMGRoad,English,18:30,Royale,420₹,80,0
Uttarakhand,Dehradun,PvrCentrioDehradun,English,18:40,Classic,280₹,40,0
Uttarakhand,Dehradun,PvrCentrioDehradun,English,18:40,ClassicPlus,330₹,60,6
Uttarakhand,Dehradun,PvrCentrioDehradun,English,18:40,Prime,350₹,102,58
Uttarakhand,Dehradun,PvrCentrioDehradun,English,18:40,Recliner,600₹,13,13
UttarPradesh,Prayagraj,PvrVinayakPrayagraj,Hindi,18:40,Classic,340₹,136,11
UttarPradesh,Prayagraj,PvrVinayakPrayagraj,Hindi,18:40,Prime,350₹,64,35
UttarPradesh,Prayagraj,PvrVinayakPrayagraj,Hindi,18:40,Recliner,530₹,10,3
Maharashtra,Pune,InoxRoyalHeritageMallNibmExt,English,18:45,Club,270₹,39,0
Maharashtra,Pune,InoxRoyalHeritageMallNibmExt,English,18:45,Executive,250₹,26,0
Maharashtra,Pune,InoxRoyalHeritageMallNibmExt,English,18:45,RoyaleRecliners,560₹,16,8
Maharashtra,Pune,InoxRoyalHeritageMallNibmExt,English,18:45,Royale,270₹,21,8
Karnataka,Bengaluru,CinepolisSjrSpectrumCentralMallBannerghattaRoad,English,18:55,Normal,200₹,42,0
Karnataka,Bengaluru,CinepolisSjrSpectrumCentralMallBannerghattaRoad,English,18:55,Executive,200₹,79,46
Karnataka,Bengaluru,CinepolisSjrSpectrumCentralMallBannerghattaRoad,English,18:55,Premium,200₹,57,49
Karnataka,Bengaluru,CinepolisSjrSpectrumCentralMallBannerghattaRoad,English,18:55,Vip,400₹,12,12
Uttarakhand,Haridwar,WavePentagonMallSidcul,Hindi,19:00,Classic,200₹,162,0
Karnataka,Bengaluru,InoxGarudaMallMagrathRoad,English,19:00,Club,340₹,74,57
Karnataka,Bengaluru,InoxGarudaMallMagrathRoad,English,19:00,Executive,300₹,88,18
Karnataka,Bengaluru,InoxGarudaMallMagrathRoad,English,19:00,RoyaleRecliners,580₹,12,11
Delhi,NewDelhi,PvrSelectCityWalkSaket,English,19:05,ClassicNormal,400₹,96,49
Delhi,NewDelhi,PvrSelectCityWalkSaket,English,19:05,Prime,450₹,47,43
Delhi,NewDelhi,PvrSelectCityWalkSaket,English,19:05,DboxRecliner,"1,200₹",8,8
Delhi,NewDelhi,CinepolisPacificNsp2,English,19:10,Normal,400₹,65,0
Delhi,NewDelhi,CinepolisPacificNsp2,English,19:10,Executive,420₹,77,15
Delhi,NewDelhi,CinepolisPacificNsp2,English,19:10,Vip,660₹,11,7
WestBengal,Kolkata,InoxQuestMallBallygunge,English,19:10,RoyalRecliner,750₹,77,20
Maharashtra,Mumbai,PvrCitiMallAndheriW,English,19:15,Prime,370₹,146,80
Maharashtra,Mumbai,PvrCitiMallAndheriW,English,19:15,Recliner,540₹,24,8
Maharashtra,Mumbai,PvrCitiMallAndheriW,English,19:15,Classic,320₹,46,0
Kerala,Kochi,PvrLuluKochi,English,19:15,3DClassic,165₹,54,5
Kerala,Kochi,PvrLuluKochi,English,19:15,3DClassicPlus,185₹,126,50
Kerala,Kochi,PvrLuluKochi,English,19:15,3DPrime,215₹,92,61
Kerala,Kochi,PvrLuluKochi,English,19:15,3DRecliner,375₹,13,11
Maharashtra,Nagpur,CinepolisVrNagpurMall,Hindi,19:20,Vip,600₹,14,2
Maharashtra,Nagpur,CinepolisVrNagpurMall,Hindi,19:20,Premium,270₹,66,18
Maharashtra,Nagpur,CinepolisVrNagpurMall,Hindi,19:20,Executive,240₹,90,9
Maharashtra,Nagpur,CinepolisVrNagpurMall,Hindi,19:20,Normal,160₹,35,0
Maharashtra,Thane,InoxKorumMallThaneW,English,19:20,Club,300₹,150,18
Maharashtra,Thane,InoxKorumMallThaneW,English,19:20,Executive,280₹,75,0
Maharashtra,Thane,InoxKorumMallThaneW,English,19:20,Royal,410₹,24,6
UttarPradesh,Bareilly,PvrPhoenixUnitedBareilly,Hindi,19:20,Classic,270₹,96,1
UttarPradesh,Bareilly,PvrPhoenixUnitedBareilly,Hindi,19:20,Prime,290₹,92,19
UttarPradesh,Bareilly,PvrPhoenixUnitedBareilly,Hindi,19:20,Recliner,490₹,14,9
Telangana,Hyderabad,MovieMaxAmrEcilSecunderabad,English,19:30,3DRecliner,300₹,10,10
Telangana,Hyderabad,MovieMaxAmrEcilSecunderabad,English,19:30,3DPrime,180₹,170,46
Telangana,Hyderabad,MovieMaxAmrEcilSecunderabad,English,19:30,3DClassic,180₹,32,0
Maharashtra,Pune,PvrIconPavillionMallShivajinagar,English,19:30,Classic,370₹,28,0
Maharashtra,Pune,PvrIconPavillionMallShivajinagar,English,19:30,Prime,400₹,134,87
Maharashtra,Pune,PvrIconPavillionMallShivajinagar,English,19:30,Recliner,810₹,8,7
UttarPradesh,Ghaziabad,WaveKaushambi,Hindi,19:30,Classic,230₹,211,49
Maharashtra,Mumbai,MaisonPvrLibraryHallJioWorldDriveBkc,English,19:30,Prime,380₹,138,30
Maharashtra,Mumbai,MaisonPvrLibraryHallJioWorldDriveBkc,English,19:30,PrimePlus,480₹,66,23
Maharashtra,Mumbai,MaisonPvrLibraryHallJioWorldDriveBkc,English,19:30,Recliner,"1,000₹",16,9
Gujarat,Ahmedabad,PvrAcropolisMallThaltej,English,19:30,Prime,290₹,42,23
Gujarat,Ahmedabad,PvrAcropolisMallThaltej,English,19:30,Classic,260₹,42,2
Gujarat,Ahmedabad,PvrAcropolisMallThaltej,English,19:30,Recliner,550₹,11,11
Gujarat,Ahmedabad,PvrAcropolisMallThaltej,English,19:30,PrimePlus,340₹,70,54
Maharashtra,Mumbai,PvrIconPhoenixPalladiumLowerParelMumbai,English,19:30,Recliner,"1,080₹",14,12
Maharashtra,Mumbai,PvrIconPhoenixPalladiumLowerParelMumbai,English,19:30,Prime,600₹,68,65
Maharashtra,Mumbai,PvrIconPhoenixPalladiumLowerParelMumbai,English,19:30,Classic,480₹,42,20
Maharashtra,Mumbai,PvrIconPhoenixPalladiumLowerParelMumbai,English,19:30,Lounger,510₹,10,4
Maharashtra,Mumbai,MovieTimeChembur,English,19:30,3DSilver,180₹,75,38
UttarPradesh,Lucknow,WaveLucknow,Hindi,19:30,Classic,180₹,96,6
UttarPradesh,Lucknow,WaveLucknow,Hindi,19:30,Gold,400₹,6,2
UttarPradesh,Lucknow,WaveLucknow,Hindi,19:30,Premium,200₹,88,26
Maharashtra,Pune,CinepolisSeasonsMallHadapsar,English,19:35,Normal,250₹,31,0
Maharashtra,Pune,CinepolisSeasonsMallHadapsar,English,19:35,Executive,250₹,84,14
Maharashtra,Pune,CinepolisSeasonsMallHadapsar,English,19:35,Premium,270₹,34,32
UttarPradesh,Noida,PvrSuperplexMallOfIndiaNoida,English,19:40,Classic,285₹,169,52
UttarPradesh,Noida,PvrSuperplexMallOfIndiaNoida,English,19:40,Prime,310₹,105,91
Maharashtra,Mumbai,PvrMarketCityKurlaW,English,19:45,Classic,340₹,90,2
Maharashtra,Mumbai,PvrMarketCityKurlaW,English,19:45,Prime,390₹,117,58
UttarPradesh,Lucknow,InoxMegaplexEmeraldLucknow,English,19:55,Club,240₹,64,7
UttarPradesh,Lucknow,InoxMegaplexEmeraldLucknow,English,19:55,Executive,220₹,16,0
UttarPradesh,Lucknow,InoxMegaplexEmeraldLucknow,English,19:55,Royale,260₹,44,8
UttarPradesh,Noida,PvrLogixCityCentreNoida,English,20:00,Classic,400₹,120,30
Maharashtra,Mumbai,MetroInoxCinemaMGRoad,English,20:05,Club,400₹,108,8
Maharashtra,Mumbai,MetroInoxCinemaMGRoad,English,20:05,Executive,360₹,36,0
Maharashtra,Mumbai,MetroInoxCinemaMGRoad,English,20:05,Royale,420₹,48,15
AndhraPradesh,Vijayawada,CapitalCinemasTrendsetMallKalaNagar,Telugu,20:05,Gold,295₹,27,14
AndhraPradesh,Vijayawada,CapitalCinemasTrendsetMallKalaNagar,Telugu,20:05,Silver,177₹,21,18
Maharashtra,NaviMumbai,CinepolisNexusSeawoodsNaviMumbai,English,20:15,Normal,280₹,32,0
Maharashtra,NaviMumbai,CinepolisNexusSeawoodsNaviMumbai,English,20:15,Executive,300₹,70,36
Maharashtra,NaviMumbai,CinepolisNexusSeawoodsNaviMumbai,English,20:15,Premium,320₹,57,48
Maharashtra,NaviMumbai,CinepolisNexusSeawoodsNaviMumbai,English,20:15,Vip,520₹,14,13
Kerala,Kochi,CinepolisCentreSquareMallKochi,English,20:15,Normal,170₹,29,0
Kerala,Kochi,CinepolisCentreSquareMallKochi,English,20:15,Executive,190₹,45,0
Kerala,Kochi,CinepolisCentreSquareMallKochi,English,20:15,Premium,200₹,96,16
Maharashtra,Thane,CinepolisVivianaMallThaneW,English,20:20,Normal,270₹,31,0
Maharashtra,Thane,CinepolisVivianaMallThaneW,English,20:20,Executive,290₹,104,7
Maharashtra,Thane,CinepolisVivianaMallThaneW,English,20:20,Premium,310₹,52,42
UttarPradesh,Chandigarh,CinepolisTdiJagatMallChandigarh,English,20:25,Normal,220₹,70,0
UttarPradesh,Chandigarh,CinepolisTdiJagatMallChandigarh,English,20:25,Executive,240₹,139,31
Delhi,NewDelhi,PvrPacificSubhashNagarDelhi,English,20:50,Classic,460₹,52,0
Delhi,NewDelhi,PvrPacificSubhashNagarDelhi,English,20:50,Prime,490₹,68,24
Haryana,Gurgaon,CinepolisAiriaMallSohnaRoadGurgaon,English,21:10,Normal,200₹,22,14
Haryana,Gurgaon,CinepolisAiriaMallSohnaRoadGurgaon,English,21:10,DoubleSofa,300₹,24,21
Haryana,Gurgaon,CinepolisAiriaMallSohnaRoadGurgaon,English,21:10,Lounger,300₹,8,3
WestBengal,Kolkata,CinepolisAcropolisMallRajdangaRoad,English,21:30,Normal,280₹,22,0
WestBengal,Kolkata,CinepolisAcropolisMallRajdangaRoad,English,21:30,Executive,300₹,64,25
WestBengal,Kolkata,CinepolisAcropolisMallRajdangaRoad,English,21:30,Premium,320₹,38,24
Karnataka,Bengaluru,PvrOrionMallDrRajkumarRoad,English,21:45,Classic,230₹,128,8
Karnataka,Bengaluru,PvrOrionMallDrRajkumarRoad,English,21:45,Prime,270₹,90,23
Karnataka,Bengaluru,PvrOrionMallDrRajkumarRoad,English,21:45,Recliner,450₹,13,7
Maharashtra,Pune,CinepolisNexusWestend,English,21:50,Normal,350₹,21,0
Maharashtra,Pune,CinepolisNexusWestend,English,21:50,Executive,350₹,48,6
Maharashtra,Pune,CinepolisNexusWestend,English,21:50,Premium,350₹,45,36
Maharashtra,Mumbai,CinepolisMagnetMallBhandupW,English,21:55,Premium,210₹,51,0
Maharashtra,Mumbai,CinepolisMagnetMallBhandupW,English,21:55,Vip,450₹,14,0
Maharashtra,Mumbai,CinepolisMagnetMallBhandupW,English,21:55,Executive,190₹,34,0
Maharashtra,Mumbai,CinepolisMagnetMallBhandupW,English,21:55,Normal,170₹,30,0
Maharashtra,Pune,CinepolisSeasonsMallHadapsar,English,22:00,Normal,250₹,17,0
Maharashtra,Pune,CinepolisSeasonsMallHadapsar,English,22:00,Executive,250₹,49,2
Maharashtra,Pune,CinepolisSeasonsMallHadapsar,English,22:00,Premium,270₹,22,4
UttarPradesh,Chandigarh,PvrElanteMallChandigarh,English,22:10,Classic,280₹,157,21
UttarPradesh,Chandigarh,PvrElanteMallChandigarh,English,22:10,Recliner,650₹,26,6
Karnataka,Bengaluru,InoxGarudaMallMagrathRoad,English,22:10,Club,310₹,74,14
Karnataka,Bengaluru,InoxGarudaMallMagrathRoad,English,22:10,Executive,290₹,88,0
Karnataka,Bengaluru,InoxGarudaMallMagrathRoad,English,22:10,RoyaleRecliners,530₹,12,12
Karnataka,Bengaluru,InoxMantriSquareMalleshwaram,English,22:10,Club,230₹,206,3
UttarPradesh,GreaterNoida,PvrGaurCityGreaterNoida,English,22:15,Classic,280₹,172,4
UttarPradesh,GreaterNoida,PvrGaurCityGreaterNoida,English,22:15,Prime,300₹,34,3
UttarPradesh,GreaterNoida,PvrGaurCityGreaterNoida,English,22:15,Recliner,490₹,13,0
Delhi,NewDelhi,PvrVegasDwarka,English,22:15,Prime,510₹,74,22
Delhi,NewDelhi,PvrVegasDwarka,English,22:15,Classic,460₹,108,9
Maharashtra,Mumbai,PvrIconInfinitiAndheriW,English,22:15,Classic,300₹,42,1
Maharashtra,Mumbai,PvrIconInfinitiAndheriW,English,22:15,Prime,340₹,126,20
Maharashtra,Mumbai,PvrIconInfinitiAndheriW,English,22:15,DboxPrime,440₹,27,15
Maharashtra,Mumbai,PvrIconInfinitiAndheriW,English,22:15,DboxRecliner,640₹,11,8
Kerala,Trivandrum,PvrLuluThiruvananthapuram,English,22:20,3DClassic,290₹,60,24
Kerala,Trivandrum,PvrLuluThiruvananthapuram,English,22:20,3DPrime,320₹,36,20
Kerala,Trivandrum,PvrLuluThiruvananthapuram,English,22:20,3DRecliner,630₹,8,0
MadhyaPradesh,Bhopal,CinepolisDbMallBhopal,English,22:25,Normal,250₹,60,0
MadhyaPradesh,Bhopal,CinepolisDbMallBhopal,English,22:25,Executive,250₹,101,0
Karnataka,Bengaluru,PvrMsrElementsMallTanisandhraMainRoad,English,22:30,Classic,230₹,161,10
Karnataka,Bengaluru,PvrMsrElementsMallTanisandhraMainRoad,English,22:30,Prime,270₹,21,4
Karnataka,Bengaluru,PvrMsrElementsMallTanisandhraMainRoad,English,22:30,Recliner,450₹,15,0
UttarPradesh,Lucknow,PvrSuperplexLulu,Hindi,22:30,Classic,260₹,22,0
UttarPradesh,Lucknow,PvrSuperplexLulu,Hindi,22:30,ClassicPlus,310₹,22,0
UttarPradesh,Lucknow,PvrSuperplexLulu,Hindi,22:30,Prime,330₹,70,17
UttarPradesh,Lucknow,PvrSuperplexLulu,Hindi,22:30,Recliner,560₹,9,0
Haryana,Gurgaon,PvrAmbienceGoldGurgaon,English,22:40,PlatinumSuperior,"1,450₹",16,3
Haryana,Gurgaon,PvrAmbienceGoldGurgaon,English,22:40,Platinum,"1,250₹",28,0
AndhraPradesh,Vijayawada,CapitalCinemasTrendsetMallKalaNagar,Telugu,22:45,Gold,295₹,27,0
AndhraPradesh,Vijayawada,CapitalCinemasTrendsetMallKalaNagar,Telugu,22:45,Silver,177₹,21,0
WestBengal,Kolkata,CinepolisLakeMallRashbehari,English,22:50,Normal,280₹,40,0
WestBengal,Kolkata,CinepolisLakeMallRashbehari,English,22:50,Executive,300₹,168,2
WestBengal,Kolkata,CinepolisLakeMallRashbehari,English,22:50,Premium,320₹,20,0
WestBengal,Kolkata,CinepolisLakeMallRashbehari,English,22:50,Vip,500₹,10,2
UttarPradesh,Noida,MovieMaxGulshanNoida,English,23:00,3DClub,210₹,32,3
UttarPradesh,Noida,MovieMaxGulshanNoida,English,23:00,3DPrime,250₹,96,2
UttarPradesh,Noida,MovieMaxGulshanNoida,English,23:00,3DExecutive,250₹,54,0
UttarPradesh,Noida,MovieMaxGulshanNoida,English,23:00,3DMaxRecliner,350₹,16,9
Haryana,Gurgaon,PvrMgfMallGurgaon,English,23:00,Prime,520₹,61,7
Haryana,Gurgaon,PvrMgfMallGurgaon,English,23:00,Classic,410₹,104,5
UttarPradesh,Noida,PvrLogixCityCentreNoida,English,23:15,Classic,400₹,107,26
Delhi,NewDelhi,PvrPacificSubhashNagarDelhi,English,23:55,Classic,460₹,52,0
Delhi,NewDelhi,PvrPacificSubhashNagarDelhi,English,23:55,Prime,490₹,88,10