State,City,Name,Language,Time(IST),Type,Price,Capacity,Booked
AndhraPradesh,Vizag,InoxVarunBeachMaharanipet,Telugu,10:00,Excutive,177₹,137,15
Telangana,Hyderabad,MovieMaxAmrEcilSecunderabad,Telugu,10:00,Recliner,300₹,10,4
Telangana,Hyderabad,MovieMaxAmrEcilSecunderabad,Telugu,10:00,Prime,180₹,170,14
Telangana,Hyderabad,MovieMaxAmrEcilSecunderabad,Telugu,10:00,Classic,110₹,32,0
Telangana,Hyderabad,PlatinumMovietimeCinemasGachibowliSlnTerminus,Telugu,10:00,PlatinumRecliners,350₹,32,2
Telangana,Hyderabad,PlatinumMovietimeCinemasGachibowliSlnTerminus,Telugu,10:00,PlatinumPremiumRecliner,350₹,16,5
AndhraPradesh,Vijayawada,CinepolisPvpSquareVijayawada,Telugu,10:00,Normal,177₹,138,10
Karnataka,Bengaluru,CinepolisRoyalMeenakshiMallBannerghattaRoad,Telugu,10:00,Normal,120₹,26,0
Karnataka,Bengaluru,CinepolisRoyalMeenakshiMallBannerghattaRoad,Telugu,10:00,Executive,120₹,67,1
Karnataka,Bengaluru,CinepolisRoyalMeenakshiMallBannerghattaRoad,Telugu,10:00,Premium,120₹,29,4
Telangana,Hyderabad,PvrPrestonPrimeGachibowli,Telugu,10:20,Classic,150₹,217,9
Karnataka,Bengaluru,InoxNexusWhitefield,Telugu,10:25,Premiere,130₹,78,0
Karnataka,Bengaluru,InoxNexusWhitefield,Telugu,10:25,Silver,140₹,67,0
Telangana,Hyderabad,PvrInorbitCyberabad,Telugu,10:25,Classic,150₹,161,22
AndhraPradesh,Rajam,SvcApsaraPicturePalacePalakondaRoad,Telugu,10:30,Balcony,110₹,250,0
AndhraPradesh,Rajam,SvcApsaraPicturePalacePalakondaRoad,Telugu,10:30,SecondClass,90₹,106,0
AndhraPradesh,Cheepurupalli,SvcVamsiVishnuVaibhavTheatres,Telugu,10:30,Premium,100₹,206,51
AndhraPradesh,Cheepurupalli,SvcVamsiVishnuVaibhavTheatres,Telugu,10:30,NonPremium,100₹,116,0
AndhraPradesh,Palakonda,SunCinemaxAcDtsVenkataGouriPalakonda,Telugu,10:30,Premium,100₹,122,34
AndhraPradesh,Rajampet,SaiCinemasBsTheatreRajampet,Telugu,10:30,Balcony,150₹,70,70
AndhraPradesh,Rajampet,SaiCinemasBsTheatreRajampet,Telugu,10:30,Couples,150₹,38,38
AndhraPradesh,Rajampet,SaiCinemasBsTheatreRajampet,Telugu,10:30,FirstClass,100₹,205,54
AndhraPradesh,Rajampet,SaiCinemasBsTheatreRajampet,Telugu,10:30,SecondClass,100₹,94,94
AndhraPradesh,Vizag,InoxCmrCentralMaddilapalem,Telugu,10:30,Executive,177₹,224,13
Telangana,Hyderabad,PvrNexusMallFormerlyForumSujanaKukatpallyHyderabad,Telugu,10:30,Classic,150₹,250,29
Telangana,Hyderabad,PvrNexusMallFormerlyForumSujanaKukatpallyHyderabad,Telugu,10:30,Recliner,250₹,12,12
Telangana,Hyderabad,InoxMaheshwariParmeshwariMallKachiguda,Telugu,10:30,Executive,150₹,149,2
AndhraPradesh,Vijayawada,CapitalCinemasTrendsetMallKalaNagar,Telugu,10:30,Gold,295₹,17,0
AndhraPradesh,Vijayawada,CapitalCinemasTrendsetMallKalaNagar,Telugu,10:30,Executive,177₹,368,0
AndhraPradesh,Narasannapeta,SriVenkateswaraMahal,Telugu,10:30,1Premium,100₹,194,50
Karnataka,Bengaluru,CinepolisEtaNammaMallBinnyPete,Telugu,10:40,Normal,112₹,10,0
Karnataka,Bengaluru,CinepolisEtaNammaMallBinnyPete,Telugu,10:40,Executive,112₹,82,2
Karnataka,Bengaluru,CinepolisEtaNammaMallBinnyPete,Telugu,10:40,Premium,112₹,47,6
AndhraPradesh,Vijayawada,InoxLeplIconPatamata,Telugu,10:45,Club,177₹,252,0
AndhraPradesh,Vijayawada,InoxLeplIconPatamata,Telugu,10:45,Royal,295₹,28,5
AndhraPradesh,Tekkali,BhavaniTheatreTekkali,Telugu,10:45,FirstClass,100₹,146,0
AndhraPradesh,Tekkali,BhavaniTheatreTekkali,Telugu,10:45,SecondClass,80₹,48,48
AndhraPradesh,Vizag,SriJayaTheatreAcDtsKothavalasa,Telugu,10:45,Premium,100₹,323,183
AndhraPradesh,Vizag,SriJayaTheatreAcDtsKothavalasa,Telugu,10:45,Premium1,100₹,13,2
AndhraPradesh,Vizag,SriJayaTheatreAcDtsKothavalasa,Telugu,10:45,NonPremium,70₹,123,122
Telangana,Hyderabad,PvrIconHitechMadhapur,Telugu,10:55,Classic,150₹,179,14
Telangana,Hyderabad,PvrIconHitechMadhapur,Telugu,10:55,Recliner,250₹,11,2
Telangana,Hyderabad,PvrRkCineplexBanjaraHills,Telugu,10:55,Recliner,250₹,22,5
Telangana,Hyderabad,PvrRkCineplexBanjaraHills,Telugu,10:55,Classic,150₹,248,17
Telangana,Hyderabad,PvrNextGalleriaMallPanjagutta,Telugu,10:55,Classic,150₹,181,49
Telangana,Hyderabad,PvrNextGalleriaMallPanjagutta,Telugu,10:55,Recliner,250₹,9,9
Telangana,Hyderabad,CinepolisCcplMallMalkajgiri,Telugu,11:00,Executive,150₹,116,0
AndhraPradesh,Tiruvuru,SriSriKrishnaPicturePlace,Telugu,11:00,ReservedClass,100₹,259,18
AndhraPradesh,Tiruvuru,SriSriKrishnaPicturePlace,Telugu,11:00,FirstClass,80₹,65,0
AndhraPradesh,Vizag,ShankaraSatyamPicturePalaceGopalapatnam,Telugu,11:00,Balcony,112₹,208,186
AndhraPradesh,Vizag,ShankaraSatyamPicturePalaceGopalapatnam,Telugu,11:00,FirstClass,70₹,25,24
AndhraPradesh,Vizag,ShankaraSatyamPicturePalaceGopalapatnam,Telugu,11:00,SecondClass,40₹,65,64
AndhraPradesh,Payakaraopeta,SvcSriLaxmiPayakaraopeta,Telugu,11:00,FirstClass,100₹,414,61
AndhraPradesh,Payakaraopeta,SvcSriLaxmiPayakaraopeta,Telugu,11:00,ThirdClass,78₹,134,0
AndhraPradesh,Bobbili,SvcTbrCinemasBobbili,Telugu,11:00,Platinum,112₹,294,4
AndhraPradesh,Bobbili,SvcTbrCinemasBobbili,Telugu,11:00,Silver,90₹,103,0
AndhraPradesh,Parvathipuram,SvcTbrCinemasParvathipuram,Telugu,11:00,PremiumClass,100₹,297,34
AndhraPradesh,Parvathipuram,SvcTbrCinemasParvathipuram,Telugu,11:00,NonPremium,80₹,95,0
AndhraPradesh,Mylavaram,SangaMitraTheatreMylavaram,Telugu,11:00,ReservedClass,100₹,92,12
AndhraPradesh,Mylavaram,SangaMitraTheatreMylavaram,Telugu,11:00,SecondClass,60₹,20,20
AndhraPradesh,Kaikalur,G3TheatresSriVijayalakshmi,Telugu,11:00,Box,100₹,16,15
AndhraPradesh,Kaikalur,G3TheatresSriVijayalakshmi,Telugu,11:00,Sofa,100₹,35,34
AndhraPradesh,Kaikalur,G3TheatresSriVijayalakshmi,Telugu,11:00,FirstClass,100₹,194,113
AndhraPradesh,Kaikalur,G3TheatresSriVijayalakshmi,Telugu,11:00,SecondClass,78₹,72,71
AndhraPradesh,Vizag,JagadambaComplexRamaDevi,Telugu,11:00,PremiumClass,140₹,163,147
AndhraPradesh,Vizag,JagadambaComplexRamaDevi,Telugu,11:00,NonPremiumClass,140₹,115,115
AndhraPradesh,Ponduru,KalanjaliTheatre2KACDolby71Ponduru,Telugu,11:00,FirstClass,100₹,287,23
AndhraPradesh,Ponduru,KalanjaliTheatre2KACDolby71Ponduru,Telugu,11:00,SecondClass,70₹,87,87
AndhraPradesh,Tadepalligudem,G3LakshmiNarayanaTheatresSavitrupet,Telugu,11:00,Recilnear,295₹,14,14
AndhraPradesh,Tadepalligudem,G3LakshmiNarayanaTheatresSavitrupet,Telugu,11:00,Premium,112₹,311,155
AndhraPradesh,Tadepalligudem,G3LakshmiNarayanaTheatresSavitrupet,Telugu,11:00,NonPremium,90₹,108,108
AndhraPradesh,Pileru,SvMahalPileruPiler,Telugu,11:00,Platinum,100₹,224,30
AndhraPradesh,Pileru,SvMahalPileruPiler,Telugu,11:00,Gold,100₹,64,64
Telangana,Choutuppal,SrinivasaTheatreChoutuppal,Telugu,11:00,ABox,110₹,26,26
Telangana,Choutuppal,SrinivasaTheatreChoutuppal,Telugu,11:00,BBox,110₹,22,0
Telangana,Choutuppal,SrinivasaTheatreChoutuppal,Telugu,11:00,Balcony,110₹,453,0
Telangana,Mahabubabad,SvcSuryaKalamandir4KACDtsYellunduRoad,Telugu,11:00,FirstClass,110₹,398,24
Telangana,Mahabubabad,SvcSuryaKalamandir4KACDtsYellunduRoad,Telugu,11:00,SecondClass,80₹,138,29
AndhraPradesh,Madanapalle,MiniSiddarthaTheatreACKrishnaNagar,Telugu,11:00,Reserved,110₹,210,0
AndhraPradesh,Madanapalle,MiniSiddarthaTheatreACKrishnaNagar,Telugu,11:00,First,110₹,103,0
AndhraPradesh,Madanapalle,MiniSiddarthaTheatreACKrishnaNagar,Telugu,11:00,Second,80₹,95,0
AndhraPradesh,Srikakulam,SvcRamalakshmanaSrikakulam,Telugu,11:00,PremiumCl,140₹,550,4
AndhraPradesh,Srikakulam,SvcRamalakshmanaSrikakulam,Telugu,11:00,NonPremiumCl,70₹,200,0
Telangana,Jangaon,SvcDeviJangaon,Telugu,11:00,Balcony,110₹,478,186
Telangana,Jangaon,SvcDeviJangaon,Telugu,11:00,FirstClass,80₹,77,77
AndhraPradesh,Vizag,SriLakshminarasimhaPicturePalace104Area,Telugu,11:00,Premium,145₹,162,108
AndhraPradesh,Vizag,SriLakshminarasimhaPicturePalace104Area,Telugu,11:00,NonPremium,100₹,63,63
AndhraPradesh,Vijayawada,CinepolisPvpSquareVijayawada,Telugu,11:00,Normal,177₹,265,6
AndhraPradesh,Vijayawada,CinepolisPvpSquareVijayawada,Telugu,11:00,Vip,295₹,8,2
AndhraPradesh,Vizag,JagadambaComplex,Telugu,11:00,Premium,140₹,163,104
AndhraPradesh,Vizag,JagadambaComplex,Telugu,11:00,NonPremium,70₹,39,0
AndhraPradesh,Vizag,JagadambaComplex,Telugu,11:00,NonPremium,70₹,76,75
Karnataka,Bengaluru,CinepolisNexusShantiniketanThigalarapalya,Telugu,11:00,Vip,300₹,12,6
Karnataka,Bengaluru,CinepolisNexusShantiniketanThigalarapalya,Telugu,11:00,Premium,150₹,57,13
Karnataka,Bengaluru,CinepolisNexusShantiniketanThigalarapalya,Telugu,11:00,Executive,150₹,68,0
Karnataka,Bengaluru,CinepolisNexusShantiniketanThigalarapalya,Telugu,11:00,Normal,150₹,28,0
AndhraPradesh,Vizag,StblCineWorldSheelaNagar,Telugu,11:00,Sofa,145₹,20,0
AndhraPradesh,Vizag,StblCineWorldSheelaNagar,Telugu,11:00,PremiumClass,145₹,249,0
AndhraPradesh,Vizag,StblCineWorldSheelaNagar,Telugu,11:00,ExecutiveClass,100₹,65,0
Telangana,Hyderabad,MirajShaliniShivaniCinemasKothapet,Telugu,11:00,Executive,150₹,130,0
AndhraPradesh,Jaggampeta,SriRajaveni,Telugu,11:00,FirstClass,100₹,266,66
AndhraPradesh,Jaggampeta,SriRajaveni,Telugu,11:00,SecondClass,100₹,60,59
AndhraPradesh,Jaggampeta,SriRajaveni,Telugu,11:00,ThirdClass,100₹,78,77
Karnataka,Bengaluru,SriVinayakaChitramandiraMarathalli,Telugu,11:00,Diamond,150₹,195,65
Karnataka,Bengaluru,SriVinayakaChitramandiraMarathalli,Telugu,11:00,Gold,100₹,240,42
Karnataka,Bengaluru,SriVinayakaChitramandiraMarathalli,Telugu,11:00,Silver,90₹,120,0
AndhraPradesh,Anakapalle,SriSairamMovieLandLibraryRoadCartStandRoad,Telugu,11:00,Premium,112₹,279,49
AndhraPradesh,Anakapalle,SriSairamMovieLandLibraryRoadCartStandRoad,Telugu,11:00,Premium,112₹,67,0
AndhraPradesh,Anakapalle,SriSairamMovieLandLibraryRoadCartStandRoad,Telugu,11:00,NonPremium,70₹,94,0
AndhraPradesh,PalasaKasibugga,BhaskaraRamaACDtsKasibugga,Telugu,11:00,Premium,100₹,343,0
AndhraPradesh,PalasaKasibugga,BhaskaraRamaACDtsKasibugga,Telugu,11:00,NonPremium,80₹,147,147
AndhraPradesh,Vizag,SreeKanyaTheatreRailwayNewColony,Telugu,11:00,Premium,145₹,441,27
AndhraPradesh,Vizag,SreeKanyaTheatreRailwayNewColony,Telugu,11:00,NonPremium,100₹,155,0
AndhraPradesh,Peddapuram,LalithaSriLalithaTheatrePeddapuram,Telugu,11:00,FirstClass,100₹,196,76
AndhraPradesh,Peddapuram,LalithaSriLalithaTheatrePeddapuram,Telugu,11:00,SecondClass,75₹,50,49
AndhraPradesh,Vizag,SvcCinemasGokulAC2KDolbyAllipuram,Telugu,11:00,FirstClass,147₹,352,0
AndhraPradesh,Vizag,SvcCinemasGokulAC2KDolbyAllipuram,Telugu,11:00,SecondClass,100₹,126,22
Telangana,Hyderabad,InoxSattvaNecklaceMallKavadiguda,Telugu,11:05,Executive,150₹,203,2
Telangana,Hyderabad,InoxSattvaNecklaceMallKavadiguda,Telugu,11:05,Royal,250₹,11,2
AndhraPradesh,Vijayawada,InoxUrvasiComplexGandhiNagar,Telugu,11:05,Club,177₹,266,0
Telangana,Karimnagar,PrathimaMultiplex,Telugu,11:10,FirstClass,200₹,12,0
Telangana,Karimnagar,PrathimaMultiplex,Telugu,11:10,SecondClass,150₹,220,0
Telangana,Karimnagar,PrathimaMultiplex,Telugu,11:10,LastClass,112₹,80,0
AndhraPradesh,Vijayawada,CinepolisPowerOneMallBunderRoad,Telugu,11:15,Premium,147₹,73,7
AndhraPradesh,Vijayawada,CinepolisPowerOneMallBunderRoad,Telugu,11:15,Executive,147₹,62,2
AndhraPradesh,Vijayawada,CinepolisPowerOneMallBunderRoad,Telugu,11:15,Normal,147₹,28,0
AndhraPradesh,Ramachandrapuram,SuryaCinemaxRamachandrapuram,Telugu,11:15,FirstClass,110₹,194,16
AndhraPradesh,Ramachandrapuram,SuryaCinemaxRamachandrapuram,Telugu,11:15,SecondClass,110₹,64,0
Telangana,Hyderabad,Sampurna70Mm2KDolbyDigitalVanasthalipuram,Telugu,11:15,Balcony,150₹,253,114
Telangana,Hyderabad,Sampurna70Mm2KDolbyDigitalVanasthalipuram,Telugu,11:15,DressCircle,110₹,300,150
Telangana,Hyderabad,Sampurna70Mm2KDolbyDigitalVanasthalipuram,Telugu,11:15,FirstClass,80₹,95,95
Telangana,Hyderabad,Sampurna70Mm2KDolbyDigitalVanasthalipuram,Telugu,11:15,LowerClass,50₹,187,187
Telangana,Hyderabad,SreeRamanaGold4KDolby71Amberpet,Telugu,11:15,Balcony,110₹,410,128
Telangana,Hyderabad,SreeRamanaGold4KDolby71Amberpet,Telugu,11:15,DressCircle,80₹,245,45
Telangana,Hyderabad,SreeRamanaGold4KDolby71Amberpet,Telugu,11:15,ThirdClass,50₹,165,165
AndhraPradesh,Kovvur,DeviShreeGayatriKovvur,Telugu,11:15,FirstClass,112₹,272,133
AndhraPradesh,Kovvur,DeviShreeGayatriKovvur,Telugu,11:15,SecondClass,70₹,98,72
AndhraPradesh,Mandapeta,SapthagiriComplexACDtsSatyasriRoad,Telugu,11:15,DressCircle,110₹,19,19
AndhraPradesh,Mandapeta,SapthagiriComplexACDtsSatyasriRoad,Telugu,11:15,FirstClass,110₹,153,51
AndhraPradesh,Mandapeta,SapthagiriComplexACDtsSatyasriRoad,Telugu,11:15,SecondClass,70₹,50,33
AndhraPradesh,Kankipadu,SriRamaChandraTheatreKankipadu,Telugu,11:15,Premium,80₹,292,48
AndhraPradesh,Kankipadu,SriRamaChandraTheatreKankipadu,Telugu,11:15,NonPremium,60₹,110,88
Telangana,Hyderabad,CinepolisDslVirtueMallUppal,Telugu,11:15,Normal,150₹,35,0
Telangana,Hyderabad,CinepolisDslVirtueMallUppal,Telugu,11:15,Executive,150₹,141,10
Telangana,Hyderabad,CinepolisDslVirtueMallUppal,Telugu,11:15,Vip,250₹,7,2
AndhraPradesh,Dowlaiswaram,GeethaApsaraTheatreMangalavaripeta,Telugu,11:15,Premium,112₹,455,113
AndhraPradesh,Dowlaiswaram,GeethaApsaraTheatreMangalavaripeta,Telugu,11:15,NonPremium,75₹,158,157
AndhraPradesh,Vizag,InoxChitralayaaMallChitralayaa,Telugu,11:15,Executive,177₹,149,4
AndhraPradesh,Ganapavaram,KumariPicturePalaceACDtsJagannadhapuram,Telugu,11:15,SofaClass,150₹,230,156
AndhraPradesh,Ganapavaram,KumariPicturePalaceACDtsJagannadhapuram,Telugu,11:15,FirstClass,120₹,0,0
AndhraPradesh,Bhimavaram,NatarajTheatre2KACDtsBalusumoodi,Telugu,11:15,FirstClass,120₹,220,20
AndhraPradesh,Bhimavaram,NatarajTheatre2KACDtsBalusumoodi,Telugu,11:15,SecondClass,80₹,40,0
AndhraPradesh,Bhimavaram,NatarajTheatre2KACDtsBalusumoodi,Telugu,11:15,ThirdClass,50₹,80,80
AndhraPradesh,Gokavaram,TdCinemax,Telugu,11:15,FirstClass,100₹,296,212
AndhraPradesh,Gokavaram,TdCinemax,Telugu,11:15,SecondClass,100₹,103,102
Telangana,Nalgonda,PvnCinemax,Telugu,11:15,1Balcony,110₹,473,93
Telangana,Nalgonda,PvnCinemax,Telugu,11:15,2SecondClass,80₹,131,5
Telangana,Nalgonda,PvnCinemax,Telugu,11:15,3ThirdClass,50₹,163,64
AndhraPradesh,Akividu,G3TheatresGangaratnam,Telugu,11:15,Sofa,150₹,84,83
AndhraPradesh,Akividu,G3TheatresGangaratnam,Telugu,11:15,1stClass,100₹,200,40
AndhraPradesh,Akividu,G3TheatresGangaratnam,Telugu,11:15,2ndClass,80₹,58,18
AndhraPradesh,Akividu,G3TheatresGangaratnam,Telugu,11:15,3rdClass,50₹,40,39
AndhraPradesh,Macherla,NagarjunaKalamandir,Telugu,11:15,AClass,100₹,56,0
AndhraPradesh,Macherla,NagarjunaKalamandir,Telugu,11:15,BClass,100₹,127,0
AndhraPradesh,Macherla,NagarjunaKalamandir,Telugu,11:15,CClass,70₹,138,0
AndhraPradesh,Macherla,NagarjunaKalamandir,Telugu,11:15,DClass,50₹,100,0
AndhraPradesh,Eluru,AmbicaComplexEluru,Telugu,11:15,Recliners,250₹,23,6
AndhraPradesh,Eluru,AmbicaComplexEluru,Telugu,11:15,FirstClass,110₹,207,72
AndhraPradesh,Eluru,AmbicaComplexEluru,Telugu,11:15,SecondClass,70₹,70,69
AndhraPradesh,Eluru,AmbicaComplexEluru,Telugu,11:15,ThirdClass,50₹,66,65
Telangana,Secunderabad,TalluriTheatresKushaiguda,Telugu,11:15,Gold,150₹,288,216
Telangana,Secunderabad,TalluriTheatresKushaiguda,Telugu,11:15,Silver,75₹,72,48
Telangana,Hyderabad,CinepolisSudhaCinemasRajpalNagar,Telugu,11:20,Executive,150₹,71,2
Telangana,Hyderabad,CinepolisSudhaCinemasRajpalNagar,Telugu,11:20,Normal,150₹,51,0
Karnataka,Bengaluru,PvrNexusFormerlyForumKoramangala,Telugu,11:20,Classic,112₹,166,20
Karnataka,Bengaluru,PvrNexusFormerlyForumKoramangala,Telugu,11:20,Recliner,250₹,12,11
Telangana,Hyderabad,PvrPanjagutta,Telugu,11:20,Classic,150₹,217,25
Telangana,Hyderabad,PvrPanjagutta,Telugu,11:20,Recliner,250₹,17,5
Telangana,Nizamabad,PvrVenuMallNizamabad,Telugu,11:20,Classic,150₹,362,28
Telangana,Nizamabad,PvrVenuMallNizamabad,Telugu,11:20,Recliner,250₹,13,6
AndhraPradesh,Malikipuram,VenkataNarayanaPicturePalace,Telugu,11:20,FirstClass,100₹,276,24
AndhraPradesh,Malikipuram,VenkataNarayanaPicturePalace,Telugu,11:20,SecondClass,80₹,76,75
AndhraPradesh,Bapatla,VCelluloidsSrinivasaMahalBapatla,Telugu,11:30,Gold,110₹,262,0
AndhraPradesh,Bapatla,VCelluloidsSrinivasaMahalBapatla,Telugu,11:30,Executive,110₹,82,0
AndhraPradesh,Vuyyuru,G3TheatresSrinivasaVuyyuru,Telugu,11:30,1Premium,100₹,293,75
AndhraPradesh,Vuyyuru,G3TheatresSrinivasaVuyyuru,Telugu,11:30,2NonPremium,78₹,90,89
AndhraPradesh,Pithapuram,SriSatyaTheatreACDtsVeeraraghavapuram,Telugu,11:30,FirstClass,100₹,249,94
AndhraPradesh,Anantapur,GowriComplexOldTown,Telugu,11:30,Platinum,110₹,297,0
AndhraPradesh,Anantapur,GowriComplexOldTown,Telugu,11:30,Gold,80₹,197,62
AndhraPradesh,Repalle,VCelluloidsSriBasaveswaraChitralayaRepalle,Telugu,11:30,Gold,110₹,244,0
AndhraPradesh,Repalle,VCelluloidsSriBasaveswaraChitralayaRepalle,Telugu,11:30,Elite,110₹,40,0
AndhraPradesh,Adoni,SaiBabaTheatreHbgNagar,Telugu,11:30,FirstClass,110₹,169,0
AndhraPradesh,Adoni,SaiBabaTheatreHbgNagar,Telugu,11:30,SecondClass,90₹,149,53
AndhraPradesh,Chirala,VcelluloidSanthiWoodNagarColony,Telugu,11:30,Gold,110₹,299,42
AndhraPradesh,Chirala,VcelluloidSanthiWoodNagarColony,Telugu,11:30,Silver,110₹,57,0
Telangana,Nirmal,TirumalaTheater70MmNirmal,Telugu,11:30,Balcony,110₹,417,199
Telangana,Nirmal,TirumalaTheater70MmNirmal,Telugu,11:30,FirstClass,80₹,211,116
Telangana,Mancherial,SvcCinemasGeminiMancherial,Telugu,11:30,Gold,150₹,192,31
Telangana,Mancherial,SvcCinemasGeminiMancherial,Telugu,11:30,Silver,110₹,40,0
Telangana,Mancherial,SvcCinemasGeminiMancherial,Telugu,11:30,Loungers,110₹,12,0
Telangana,Nakrekal,SriVenkateswaraTheatre70MmAc,Telugu,11:30,Balcony,100₹,262,203
Telangana,Nakrekal,SriVenkateswaraTheatre70MmAc,Telugu,11:30,ReservedClass,70₹,347,346
Telangana,Nakrekal,SriVenkateswaraTheatre70MmAc,Telugu,11:30,FirsClasss,50₹,103,102
AndhraPradesh,Guntur,JleCinemasGuntur,Telugu,11:30,Elite,295₹,17,0
AndhraPradesh,Guntur,JleCinemasGuntur,Telugu,11:30,Gold,177₹,123,2
Telangana,Godavarikhani,SrinivasaTheatreGodavarikhani,Telugu,11:30,Coupleseats,110₹,24,24
Telangana,Godavarikhani,SrinivasaTheatreGodavarikhani,Telugu,11:30,Balcony,110₹,453,381
AndhraPradesh,Machilipatnam,G3TheatresRobertsonpeta,Telugu,11:30,PremiumClass,112₹,281,38
AndhraPradesh,Machilipatnam,G3TheatresRobertsonpeta,Telugu,11:30,NonPremium,112₹,93,0
Telangana,Khammam,SvcSriTirumalaTheatre2KDolbyAtmosKhammam,Telugu,11:30,Balcony,110₹,434,64
Telangana,Khammam,SvcSriTirumalaTheatre2KDolbyAtmosKhammam,Telugu,11:30,SecondCalss,80₹,236,0
Telangana,Khammam,SvcSriTirumalaTheatre2KDolbyAtmosKhammam,Telugu,11:30,ThhirdClass,50₹,181,0
AndhraPradesh,Kakinada,PadmapriyaSripriyaComplexKondayyaPalem,Telugu,11:30,Diplomat,112₹,254,122
AndhraPradesh,Kakinada,PadmapriyaSripriyaComplexKondayyaPalem,Telugu,11:30,FirstClass,75₹,16,15
AndhraPradesh,Kakinada,PadmapriyaSripriyaComplexKondayyaPalem,Telugu,11:30,FirstClass1,75₹,70,0
AndhraPradesh,Guntur,VCelluloidBhaskarCinemasKothapet,Telugu,11:35,Gold,110₹,248,125
AndhraPradesh,Guntur,VCelluloidBhaskarCinemasKothapet,Telugu,11:35,Silver,80₹,64,34
AndhraPradesh,Guntur,VCelluloidBhaskarCinemasKothapet,Telugu,11:35,Executive,80₹,48,16
AndhraPradesh,Tenali,VCelluloidsLakshmiComplex,Telugu,11:40,Gold,150₹,204,17
AndhraPradesh,Tenali,VCelluloidsLakshmiComplex,Telugu,11:40,Silver,70₹,60,0
Telangana,Hyderabad,MirajCinemasCineTownMiyapur,Telugu,11:40,Executivep,150₹,336,0
Telangana,Hyderabad,MirajCinemasCineTownMiyapur,Telugu,11:40,Gold,235₹,22,3
Telangana,Hyderabad,MirajCinemasCineTownMiyapur,Telugu,11:40,Executive,150₹,344,18
AndhraPradesh,Guntur,VCelluloidBhaskarCinemasKothapet,Telugu,11:40,Platinum,295₹,42,24
AndhraPradesh,Guntur,VCelluloidBhaskarCinemasKothapet,Telugu,11:40,Gold,110₹,611,338
AndhraPradesh,Guntur,VCelluloidBhaskarCinemasKothapet,Telugu,11:40,Silver,80₹,115,52
AndhraPradesh,Guntur,VCelluloidBhaskarCinemasKothapet,Telugu,11:40,Executive,80₹,92,46
AndhraPradesh,Addanki,VCelluloidsSatyanarayanaKalamandirNspColony,Telugu,11:40,GoldClass,110₹,180,20
AndhraPradesh,Addanki,VCelluloidsSatyanarayanaKalamandirNspColony,Telugu,11:40,ExecutiveClass,70₹,40,0
AndhraPradesh,Vijayawada,MirajShantiPrashantiCinemasVijayawada,Telugu,11:45,Balcony,177₹,18,10
AndhraPradesh,Vijayawada,MirajShantiPrashantiCinemasVijayawada,Telugu,11:45,FirstClass,177₹,273,2
AndhraPradesh,Narasaraopet,VCelluloidsVijethaDeluxNarasaraopet,Telugu,11:45,Gold,110₹,320,80
AndhraPradesh,Narasaraopet,VCelluloidsVijethaDeluxNarasaraopet,Telugu,11:45,Elite,110₹,41,0
Maharashtra,Mumbai,PvrIconOberoiGoregaonE,Telugu,11:45,Classic,100₹,45,0
Maharashtra,Mumbai,PvrIconOberoiGoregaonE,Telugu,11:45,Prime,120₹,147,18
Maharashtra,Mumbai,PvrIconOberoiGoregaonE,Telugu,11:45,Recliner,190₹,34,0
AndhraPradesh,Guntur,VCelluloidPlatenoCinemasVidyanagar,Telugu,11:45,PlatinumClass,295₹,16,16
AndhraPradesh,Guntur,VCelluloidPlatenoCinemasVidyanagar,Telugu,11:45,GoldClass,150₹,223,2
AndhraPradesh,Sullurpeta,VCelluloidsVEpiqSullurpeta,Telugu,11:45,Gold,150₹,112,25
AndhraPradesh,Sullurpeta,VCelluloidsVEpiqSullurpeta,Telugu,11:45,Executive,100₹,28,0
AndhraPradesh,Guntur,CinePrimeCinemaSrinivasaraoPet,Telugu,11:45,FirstClass,110₹,127,56
AndhraPradesh,Guntur,CinePrimeCinemaSrinivasaraoPet,Telugu,11:45,SecondClass,80₹,42,14
AndhraPradesh,Chilakaluripet,VCelluloidsKRComplexChilakaluripet,Telugu,11:45,Gold,110₹,95,0
AndhraPradesh,Chilakaluripet,VCelluloidsKRComplexChilakaluripet,Telugu,11:45,Elite,70₹,32,0
AndhraPradesh,Chimakurthy,K3KCinemasChimakurthy,Telugu,11:45,Gold,150₹,296,148
AndhraPradesh,Chimakurthy,K3KCinemasChimakurthy,Telugu,11:45,Silver,90₹,85,34
AndhraPradesh,Bhimavaram,AvgCinemasGeethaMultiplex4KDolbyAtmos,Telugu,11:45,Gold,150₹,224,5
Telangana,Hyderabad,CinepolisMantraMallUpparpally,Telugu,12:00,Normal,150₹,195,0
Telangana,Hyderabad,CinepolisMantraMallUpparpally,Telugu,12:00,Vip,250₹,9,2
AndhraPradesh,Kurnool,VMegaAnandCineComplexKurnool,Telugu,12:10,Platinum,148₹,13,13
AndhraPradesh,Kurnool,VMegaAnandCineComplexKurnool,Telugu,12:10,Gold,148₹,190,22
AndhraPradesh,Kurnool,VMegaAnandCineComplexKurnool,Telugu,12:10,Executive,112₹,48,0
TamilNadu,Vellore,InoxSelvamSquareVellore,Telugu,12:30,Club,162₹,124,2
TamilNadu,Vellore,InoxSelvamSquareVellore,Telugu,12:30,Executives,63₹,21,21
Telangana,Hyderabad,PlatinumMovieTimeCinemasAmeerpet,Telugu,12:30,SilverClass,150₹,357,4
Telangana,Hyderabad,PlatinumMovietimeCinemasGachibowliSlnTerminus,Telugu,12:30,PlatinumRecliners,350₹,32,0
Telangana,Hyderabad,PlatinumMovietimeCinemasGachibowliSlnTerminus,Telugu,12:30,PlatinumPremiumRecliner,350₹,16,4
Karnataka,Bengaluru,InoxNexusWhitefield,Telugu,12:30,Premiere,150₹,78,1
Karnataka,Bengaluru,InoxNexusWhitefield,Telugu,12:30,Silver,160₹,67,2
AndhraPradesh,Vijayawada,InoxLailaMallMGRoad,Telugu,12:45,Club,177₹,282,6
AndhraPradesh,Vijayawada,InoxLailaMallMGRoad,Telugu,12:45,Royal,295₹,26,4
TamilNadu,Chennai,InoxTheMarinaMallOmrEgatoor,Telugu,13:00,Club,202₹,126,2
TamilNadu,Chennai,InoxTheMarinaMallOmrEgatoor,Telugu,13:00,Executive,63₹,16,15
AndhraPradesh,Vijayawada,CapitalCinemasTrendsetMallKalaNagar,Telugu,13:00,Gold,295₹,17,2
AndhraPradesh,Vijayawada,CapitalCinemasTrendsetMallKalaNagar,Telugu,13:00,Executive,177₹,368,4
Karnataka,Bengaluru,CinepolisEtaNammaMallBinnyPete,Telugu,13:15,Normal,150₹,10,0
Karnataka,Bengaluru,CinepolisEtaNammaMallBinnyPete,Telugu,13:15,Executive,150₹,82,5
Karnataka,Bengaluru,CinepolisEtaNammaMallBinnyPete,Telugu,13:15,Premium,150₹,47,9
AndhraPradesh,Vijayawada,CinepolisPvpSquareVijayawada,Telugu,13:20,Vip,295₹,12,4
AndhraPradesh,Vijayawada,CinepolisPvpSquareVijayawada,Telugu,13:20,Normal,177₹,185,6
Telangana,Hyderabad,JpCinemasChandanagarHyderabad,Telugu,13:20,Sofa,200₹,15,10
Telangana,Hyderabad,JpCinemasChandanagarHyderabad,Telugu,13:20,Gold,150₹,204,120
Telangana,Hyderabad,PvrIrrumManzilKhairatabad,Telugu,13:25,Classic,150₹,158,18
Telangana,Hyderabad,PvrIrrumManzilKhairatabad,Telugu,13:25,Recliner,250₹,10,5
AndhraPradesh,Vizianagaram,SvcRanjaniAndShivaranjaniJonnaguddiArea,Telugu,13:30,Gold,177₹,372,5
AndhraPradesh,Vizianagaram,SvcRanjaniAndShivaranjaniJonnaguddiArea,Telugu,13:30,Silver,112₹,124,6
Telangana,Hyderabad,PvrNextGalleriaMallPanjagutta,Telugu,13:35,Classic,150₹,145,19
AndhraPradesh,Kurnool,SvcCinemasCitySquareMall,Telugu,13:35,Platinum,295₹,19,6
AndhraPradesh,Kurnool,SvcCinemasCitySquareMall,Telugu,13:35,Gold,177₹,220,1
AndhraPradesh,Kurnool,SvcCinemasCitySquareMall,Telugu,13:35,Loungers,177₹,17,0
AndhraPradesh,Vijayawada,InoxUrvasiComplexGandhiNagar,Telugu,13:40,Club,177₹,266,0
Telangana,Hyderabad,MirajShaliniShivaniCinemasKothapet,Telugu,13:40,Executive,150₹,130,0
Telangana,Hyderabad,CinepolisCcplMallMalkajgiri,Telugu,13:45,Executive,150₹,103,2
AndhraPradesh,Vizianagaram,InoxNcsMallBochuPeta,Telugu,13:45,Exclusive,177₹,240,14
Telangana,Hyderabad,MovieMaxAmrEcilSecunderabad,Telugu,13:45,Recliner,300₹,12,4
Telangana,Hyderabad,MovieMaxAmrEcilSecunderabad,Telugu,13:45,Prime,180₹,134,7
Telangana,Hyderabad,MovieMaxAmrEcilSecunderabad,Telugu,13:45,Classic,110₹,36,0
Telangana,Hyderabad,PlatinumMovieTimeCinemasAmeerpet,Telugu,13:45,PlatinumRecliners,250₹,30,0
Telangana,Hyderabad,PlatinumMovieTimeCinemasAmeerpet,Telugu,13:45,SilverClass,150₹,240,0
AndhraPradesh,Vijayawada,CinepolisPvpSquareVijayawada,Telugu,13:45,Normal,177₹,265,15
AndhraPradesh,Vijayawada,CinepolisPvpSquareVijayawada,Telugu,13:45,Vip,295₹,6,2
Telangana,Hyderabad,CinepolisDslVirtueMallUppal,Telugu,13:50,Normal,150₹,35,0
Telangana,Hyderabad,CinepolisDslVirtueMallUppal,Telugu,13:50,Executive,150₹,141,0
Telangana,Hyderabad,CinepolisDslVirtueMallUppal,Telugu,13:50,Vip,250₹,7,2
AndhraPradesh,Kakinada,InoxSrmtMallRamanayyapeta,Telugu,13:55,Executive,112₹,131,81
AndhraPradesh,Vizag,InoxChitralayaaMallChitralayaa,Telugu,13:55,Executive,177₹,149,25
AndhraPradesh,Tiruvuru,SriSriKrishnaPicturePlace,Telugu,14:00,ReservedClass,100₹,259,18
AndhraPradesh,Tiruvuru,SriSriKrishnaPicturePlace,Telugu,14:00,FirstClass,80₹,65,0
AndhraPradesh,Vizag,ShankaraSatyamPicturePalaceGopalapatnam,Telugu,14:00,Balcony,112₹,208,186
AndhraPradesh,Vizag,ShankaraSatyamPicturePalaceGopalapatnam,Telugu,14:00,FirstClass,70₹,25,24
AndhraPradesh,Vizag,ShankaraSatyamPicturePalaceGopalapatnam,Telugu,14:00,SecondClass,40₹,65,64
AndhraPradesh,Kaikalur,G3TheatresSriVijayalakshmi,Telugu,14:00,Box,100₹,16,15
AndhraPradesh,Kaikalur,G3TheatresSriVijayalakshmi,Telugu,14:00,Sofa,100₹,35,34
AndhraPradesh,Kaikalur,G3TheatresSriVijayalakshmi,Telugu,14:00,FirstClass,100₹,194,113
AndhraPradesh,Kaikalur,G3TheatresSriVijayalakshmi,Telugu,14:00,SecondClass,78₹,72,71
AndhraPradesh,Tadepalligudem,G3LakshmiNarayanaTheatresSavitrupet,Telugu,14:00,Recilnear,295₹,14,14
AndhraPradesh,Tadepalligudem,G3LakshmiNarayanaTheatresSavitrupet,Telugu,14:00,Premium,112₹,311,155
AndhraPradesh,Tadepalligudem,G3LakshmiNarayanaTheatresSavitrupet,Telugu,14:00,NonPremium,90₹,108,108
Telangana,Choutuppal,SrinivasaTheatreChoutuppal,Telugu,14:00,ABox,110₹,26,26
Telangana,Choutuppal,SrinivasaTheatreChoutuppal,Telugu,14:00,BBox,110₹,22,0
Telangana,Choutuppal,SrinivasaTheatreChoutuppal,Telugu,14:00,Balcony,110₹,453,0
AndhraPradesh,Madanapalle,MiniSiddarthaTheatreACKrishnaNagar,Telugu,14:00,Reserved,110₹,210,0
AndhraPradesh,Madanapalle,MiniSiddarthaTheatreACKrishnaNagar,Telugu,14:00,First,110₹,103,0
AndhraPradesh,Madanapalle,MiniSiddarthaTheatreACKrishnaNagar,Telugu,14:00,Second,80₹,95,0
Telangana,Jangaon,SvcDeviJangaon,Telugu,14:00,Balcony,110₹,478,186
Telangana,Jangaon,SvcDeviJangaon,Telugu,14:00,FirstClass,80₹,77,77
Telangana,Hyderabad,PvrMusarambaghNewMalakpet,Telugu,14:00,Classic,150₹,150,27
Telangana,Warangal,PvrMaddoxWarangal,Telugu,14:00,Classic,150₹,253,37
Maharashtra,Mumbai,PvrMarketCityKurlaW,Telugu,14:00,Classic,130₹,90,0
Maharashtra,Mumbai,PvrMarketCityKurlaW,Telugu,14:00,Prime,150₹,117,23
Telangana,Hyderabad,PvrPanjagutta,Telugu,14:00,Classic,150₹,217,21
Telangana,Hyderabad,PvrPanjagutta,Telugu,14:00,Recliner,250₹,17,7
Telangana,Nizamabad,PvrVenuMallNizamabad,Telugu,14:00,Classic,150₹,362,28
Telangana,Nizamabad,PvrVenuMallNizamabad,Telugu,14:00,Recliner,250₹,13,6
AndhraPradesh,Jaggampeta,SriRajaveni,Telugu,14:00,FirstClass,100₹,266,66
AndhraPradesh,Jaggampeta,SriRajaveni,Telugu,14:00,SecondClass,100₹,60,59
AndhraPradesh,Jaggampeta,SriRajaveni,Telugu,14:00,ThirdClass,100₹,78,77
Telangana,Hyderabad,CinepolisSudhaCinemasRajpalNagar,Telugu,14:00,Executive,150₹,71,16
Telangana,Hyderabad,CinepolisSudhaCinemasRajpalNagar,Telugu,14:00,Normal,150₹,51,0
AndhraPradesh,Peddapuram,LalithaSriLalithaTheatrePeddapuram,Telugu,14:00,FirstClass,100₹,196,76
AndhraPradesh,Peddapuram,LalithaSriLalithaTheatrePeddapuram,Telugu,14:00,SecondClass,75₹,50,49
AndhraPradesh,Tanuku,SriVenkateswaraComplex,Telugu,14:00,Recliner,0₹,12,11
AndhraPradesh,Tanuku,SriVenkateswaraComplex,Telugu,14:00,Sofa,0₹,54,53
AndhraPradesh,Tanuku,SriVenkateswaraComplex,Telugu,14:00,Balcony,0₹,270,72
AndhraPradesh,Tanuku,SriVenkateswaraComplex,Telugu,14:00,ThirdClass,0₹,88,87
AndhraPradesh,Vizag,InoxCmrCentralGajuwaka,Telugu,14:15,Executive,177₹,242,28
AndhraPradesh,Vizag,InoxCmrCentralGajuwaka,Telugu,14:15,Royal,295₹,8,6
AndhraPradesh,Ramachandrapuram,SuryaCinemaxRamachandrapuram,Telugu,14:15,FirstClass,110₹,194,16
AndhraPradesh,Ramachandrapuram,SuryaCinemaxRamachandrapuram,Telugu,14:15,SecondClass,110₹,64,0
AndhraPradesh,Rajam,SvcApsaraPicturePalacePalakondaRoad,Telugu,14:15,Balcony,110₹,250,0
AndhraPradesh,Rajam,SvcApsaraPicturePalacePalakondaRoad,Telugu,14:15,SecondClass,90₹,106,0
Telangana,Hyderabad,Sampurna70Mm2KDolbyDigitalVanasthalipuram,Telugu,14:15,Balcony,150₹,253,114
Telangana,Hyderabad,Sampurna70Mm2KDolbyDigitalVanasthalipuram,Telugu,14:15,DressCircle,110₹,300,150
Telangana,Hyderabad,Sampurna70Mm2KDolbyDigitalVanasthalipuram,Telugu,14:15,FirstClass,80₹,95,95
Telangana,Hyderabad,Sampurna70Mm2KDolbyDigitalVanasthalipuram,Telugu,14:15,LowerClass,50₹,187,187
Telangana,Hyderabad,SreeRamanaGold4KDolby71Amberpet,Telugu,14:15,Balcony,110₹,410,126
Telangana,Hyderabad,SreeRamanaGold4KDolby71Amberpet,Telugu,14:15,DressCircle,80₹,245,45
Telangana,Hyderabad,SreeRamanaGold4KDolby71Amberpet,Telugu,14:15,ThirdClass,50₹,165,165
AndhraPradesh,Kovvur,DeviShreeGayatriKovvur,Telugu,14:15,FirstClass,112₹,272,133
AndhraPradesh,Kovvur,DeviShreeGayatriKovvur,Telugu,14:15,SecondClass,70₹,98,72
AndhraPradesh,Mylavaram,SangaMitraTheatreMylavaram,Telugu,14:15,ReservedClass,100₹,92,12
AndhraPradesh,Mylavaram,SangaMitraTheatreMylavaram,Telugu,14:15,SecondClass,60₹,20,20
AndhraPradesh,Kankipadu,SriRamaChandraTheatreKankipadu,Telugu,14:15,Premium,80₹,292,48
AndhraPradesh,Kankipadu,SriRamaChandraTheatreKankipadu,Telugu,14:15,NonPremium,60₹,110,88
AndhraPradesh,Vizag,SriLakshminarasimhaPicturePalace104Area,Telugu,14:15,Premium,145₹,162,108
AndhraPradesh,Vizag,SriLakshminarasimhaPicturePalace104Area,Telugu,14:15,NonPremium,100₹,63,63
Telangana,Karimnagar,PrathimaMultiplex,Telugu,14:15,FirstClass,200₹,12,12
Telangana,Karimnagar,PrathimaMultiplex,Telugu,14:15,SecondClass,150₹,220,2
Telangana,Karimnagar,PrathimaMultiplex,Telugu,14:15,LastClass,112₹,80,0
AndhraPradesh,Ganapavaram,KumariPicturePalaceACDtsJagannadhapuram,Telugu,14:15,SofaClass,150₹,230,156
AndhraPradesh,Ganapavaram,KumariPicturePalaceACDtsJagannadhapuram,Telugu,14:15,FirstClass,120₹,0,0
AndhraPradesh,Bhimavaram,NatarajTheatre2KACDtsBalusumoodi,Telugu,14:15,FirstClass,120₹,220,25
AndhraPradesh,Bhimavaram,NatarajTheatre2KACDtsBalusumoodi,Telugu,14:15,SecondClass,80₹,40,0
AndhraPradesh,Bhimavaram,NatarajTheatre2KACDtsBalusumoodi,Telugu,14:15,ThirdClass,50₹,80,80
AndhraPradesh,Narasannapeta,SriVenkateswaraMahal,Telugu,14:15,1Premium,100₹,194,50
Telangana,Nalgonda,PvnCinemax,Telugu,14:15,1Balcony,110₹,473,93
Telangana,Nalgonda,PvnCinemax,Telugu,14:15,2SecondClass,80₹,131,5
Telangana,Nalgonda,PvnCinemax,Telugu,14:15,3ThirdClass,50₹,163,64
AndhraPradesh,Akividu,G3TheatresGangaratnam,Telugu,14:15,Sofa,150₹,84,83
AndhraPradesh,Akividu,G3TheatresGangaratnam,Telugu,14:15,1stClass,100₹,200,40
AndhraPradesh,Akividu,G3TheatresGangaratnam,Telugu,14:15,2ndClass,80₹,58,18
AndhraPradesh,Akividu,G3TheatresGangaratnam,Telugu,14:15,3rdClass,50₹,40,39
Telangana,Secunderabad,TalluriTheatresKushaiguda,Telugu,14:15,Gold,150₹,288,216
Telangana,Secunderabad,TalluriTheatresKushaiguda,Telugu,14:15,Silver,75₹,72,48
Telangana,Hyderabad,MirajCinemasCineTownMiyapur,Telugu,14:20,Executivep,150₹,336,0
Telangana,Hyderabad,MirajCinemasCineTownMiyapur,Telugu,14:20,Gold,235₹,22,0
Telangana,Hyderabad,MirajCinemasCineTownMiyapur,Telugu,14:20,Executive,150₹,344,0
AndhraPradesh,Malikipuram,VenkataNarayanaPicturePalace,Telugu,14:20,FirstClass,100₹,276,24
AndhraPradesh,Malikipuram,VenkataNarayanaPicturePalace,Telugu,14:20,SecondClass,80₹,76,75
AndhraPradesh,Vijayawada,CinepolisPowerOneMallBunderRoad,Telugu,14:25,Normal,147₹,24,0
AndhraPradesh,Vijayawada,CinepolisPowerOneMallBunderRoad,Telugu,14:25,Executive,147₹,54,0
AndhraPradesh,Vijayawada,CinepolisPowerOneMallBunderRoad,Telugu,14:25,Premium,147₹,77,19
AndhraPradesh,Bapatla,VCelluloidsSrinivasaMahalBapatla,Telugu,14:30,Gold,110₹,262,0
AndhraPradesh,Bapatla,VCelluloidsSrinivasaMahalBapatla,Telugu,14:30,Executive,110₹,82,0
AndhraPradesh,Payakaraopeta,SvcSriLaxmiPayakaraopeta,Telugu,14:30,FirstClass,100₹,414,58
AndhraPradesh,Payakaraopeta,SvcSriLaxmiPayakaraopeta,Telugu,14:30,ThirdClass,78₹,134,0
AndhraPradesh,Vuyyuru,G3TheatresSrinivasaVuyyuru,Telugu,14:30,1Premium,100₹,293,75
AndhraPradesh,Vuyyuru,G3TheatresSrinivasaVuyyuru,Telugu,14:30,2NonPremium,78₹,90,89
AndhraPradesh,Cheepurupalli,SvcVamsiVishnuVaibhavTheatres,Telugu,14:30,Premium,100₹,206,51
AndhraPradesh,Cheepurupalli,SvcVamsiVishnuVaibhavTheatres,Telugu,14:30,NonPremium,100₹,116,0
AndhraPradesh,Bobbili,SvcTbrCinemasBobbili,Telugu,14:30,Platinum,112₹,294,0
AndhraPradesh,Bobbili,SvcTbrCinemasBobbili,Telugu,14:30,Silver,90₹,103,0
AndhraPradesh,Anantapur,GowriComplexOldTown,Telugu,14:30,Platinum,110₹,297,0
AndhraPradesh,Anantapur,GowriComplexOldTown,Telugu,14:30,Gold,80₹,197,62
AndhraPradesh,Parvathipuram,SvcTbrCinemasParvathipuram,Telugu,14:30,PremiumClass,100₹,297,36
AndhraPradesh,Parvathipuram,SvcTbrCinemasParvathipuram,Telugu,14:30,NonPremium,80₹,95,0
AndhraPradesh,Vizag,JagadambaComplexRamaDevi,Telugu,14:30,PremiumClass,140₹,163,147
AndhraPradesh,Vizag,JagadambaComplexRamaDevi,Telugu,14:30,NonPremiumClass,140₹,115,115
AndhraPradesh,Srikalahasti,SpRamachandraSrikalahasti,Telugu,14:30,1stClass,112₹,706,383
AndhraPradesh,Srikalahasti,SpRamachandraSrikalahasti,Telugu,14:30,2ndClass,90₹,219,94
AndhraPradesh,Mandapeta,SapthagiriComplexACDtsSatyasriRoad,Telugu,14:30,DressCircle,110₹,19,19
AndhraPradesh,Mandapeta,SapthagiriComplexACDtsSatyasriRoad,Telugu,14:30,FirstClass,110₹,153,0
AndhraPradesh,Mandapeta,SapthagiriComplexACDtsSatyasriRoad,Telugu,14:30,SecondClass,70₹,50,33
AndhraPradesh,Ponduru,KalanjaliTheatre2KACDolby71Ponduru,Telugu,14:30,FirstClass,100₹,287,24
AndhraPradesh,Ponduru,KalanjaliTheatre2KACDolby71Ponduru,Telugu,14:30,SecondClass,70₹,87,87
AndhraPradesh,Pileru,SvMahalPileruPiler,Telugu,14:30,Platinum,100₹,224,30
AndhraPradesh,Pileru,SvMahalPileruPiler,Telugu,14:30,Gold,100₹,64,64
AndhraPradesh,Repalle,VCelluloidsSriBasaveswaraChitralayaRepalle,Telugu,14:30,Gold,110₹,244,0
AndhraPradesh,Repalle,VCelluloidsSriBasaveswaraChitralayaRepalle,Telugu,14:30,Elite,110₹,40,0
AndhraPradesh,Adoni,SaiBabaTheatreHbgNagar,Telugu,14:30,FirstClass,110₹,169,0
AndhraPradesh,Adoni,SaiBabaTheatreHbgNagar,Telugu,14:30,SecondClass,90₹,149,53
AndhraPradesh,Vizag,SriJayaTheatreAcDtsKothavalasa,Telugu,14:30,Premium,100₹,323,183
AndhraPradesh,Vizag,SriJayaTheatreAcDtsKothavalasa,Telugu,14:30,Premium1,100₹,13,2
AndhraPradesh,Vizag,SriJayaTheatreAcDtsKothavalasa,Telugu,14:30,NonPremium,70₹,123,122
AndhraPradesh,Chirala,VcelluloidSanthiWoodNagarColony,Telugu,14:30,Gold,110₹,299,42
AndhraPradesh,Chirala,VcelluloidSanthiWoodNagarColony,Telugu,14:30,Silver,110₹,57,0
AndhraPradesh,Palakonda,SunCinemaxAcDtsVenkataGouriPalakonda,Telugu,14:30,Premium,100₹,122,34
Telangana,Mahabubabad,SvcSuryaKalamandir4KACDtsYellunduRoad,Telugu,14:30,FirstClass,110₹,398,23
Telangana,Mahabubabad,SvcSuryaKalamandir4KACDtsYellunduRoad,Telugu,14:30,SecondClass,80₹,138,29
AndhraPradesh,Tekkali,BhavaniTheatreTekkali,Telugu,14:30,FirstClass,100₹,146,9
AndhraPradesh,Tekkali,BhavaniTheatreTekkali,Telugu,14:30,SecondClass,80₹,48,48
AndhraPradesh,Srikakulam,SvcRamalakshmanaSrikakulam,Telugu,14:30,PremiumCl,140₹,550,4
AndhraPradesh,Srikakulam,SvcRamalakshmanaSrikakulam,Telugu,14:30,NonPremiumCl,70₹,200,0
AndhraPradesh,Rajampet,SaiCinemasBsTheatreRajampet,Telugu,14:30,Balcony,150₹,70,70
AndhraPradesh,Rajampet,SaiCinemasBsTheatreRajampet,Telugu,14:30,Couples,150₹,38,38
AndhraPradesh,Rajampet,SaiCinemasBsTheatreRajampet,Telugu,14:30,FirstClass,100₹,205,58
AndhraPradesh,Rajampet,SaiCinemasBsTheatreRajampet,Telugu,14:30,SecondClass,100₹,94,94
Telangana,Nirmal,TirumalaTheater70MmNirmal,Telugu,14:30,Balcony,110₹,417,199
Telangana,Nirmal,TirumalaTheater70MmNirmal,Telugu,14:30,FirstClass,80₹,211,116
AndhraPradesh,Dowlaiswaram,GeethaApsaraTheatreMangalavaripeta,Telugu,14:30,Premium,112₹,455,113
AndhraPradesh,Dowlaiswaram,GeethaApsaraTheatreMangalavaripeta,Telugu,14:30,NonPremium,75₹,158,157
Telangana,Nakrekal,SriVenkateswaraTheatre70MmAc,Telugu,14:30,Balcony,100₹,262,203
Telangana,Nakrekal,SriVenkateswaraTheatre70MmAc,Telugu,14:30,ReservedClass,70₹,347,346
Telangana,Nakrekal,SriVenkateswaraTheatre70MmAc,Telugu,14:30,FirsClasss,50₹,103,102
Telangana,Godavarikhani,SrinivasaTheatreGodavarikhani,Telugu,14:30,Coupleseats,110₹,24,24
Telangana,Godavarikhani,SrinivasaTheatreGodavarikhani,Telugu,14:30,Balcony,110₹,453,381
AndhraPradesh,Vizag,JagadambaComplex,Telugu,14:30,Premium,140₹,163,104
AndhraPradesh,Vizag,JagadambaComplex,Telugu,14:30,NonPremium,70₹,39,0
AndhraPradesh,Vizag,JagadambaComplex,Telugu,14:30,NonPremium,70₹,76,75
AndhraPradesh,Anakapalle,SriSairamMovieLandLibraryRoadCartStandRoad,Telugu,14:30,Premium,112₹,279,47
AndhraPradesh,Anakapalle,SriSairamMovieLandLibraryRoadCartStandRoad,Telugu,14:30,Premium,112₹,67,0
AndhraPradesh,Anakapalle,SriSairamMovieLandLibraryRoadCartStandRoad,Telugu,14:30,NonPremium,70₹,94,0
AndhraPradesh,Guntur,VCelluloidPlatenoCinemasVidyanagar,Telugu,14:30,PlatinumClass,295₹,16,16
AndhraPradesh,Guntur,VCelluloidPlatenoCinemasVidyanagar,Telugu,14:30,GoldClass,150₹,223,29
AndhraPradesh,Machilipatnam,G3TheatresRobertsonpeta,Telugu,14:30,PremiumClass,112₹,281,38
AndhraPradesh,Machilipatnam,G3TheatresRobertsonpeta,Telugu,14:30,NonPremium,112₹,93,0
Telangana,Khammam,SvcSriTirumalaTheatre2KDolbyAtmosKhammam,Telugu,14:30,Balcony,110₹,434,64
Telangana,Khammam,SvcSriTirumalaTheatre2KDolbyAtmosKhammam,Telugu,14:30,SecondCalss,80₹,236,0
Telangana,Khammam,SvcSriTirumalaTheatre2KDolbyAtmosKhammam,Telugu,14:30,ThhirdClass,50₹,181,0
Telangana,Hyderabad,MirajCinemasCineTownMiyapur,Telugu,14:30,Executivep,150₹,336,2
Telangana,Hyderabad,MirajCinemasCineTownMiyapur,Telugu,14:30,Gold,235₹,22,0
Telangana,Hyderabad,MirajCinemasCineTownMiyapur,Telugu,14:30,Executive,150₹,344,4
AndhraPradesh,PalasaKasibugga,BhaskaraRamaACDtsKasibugga,Telugu,14:30,Premium,100₹,343,2
AndhraPradesh,PalasaKasibugga,BhaskaraRamaACDtsKasibugga,Telugu,14:30,NonPremium,80₹,147,147
AndhraPradesh,Vizag,SreeKanyaTheatreRailwayNewColony,Telugu,14:30,Premium,145₹,441,27
AndhraPradesh,Vizag,SreeKanyaTheatreRailwayNewColony,Telugu,14:30,NonPremium,100₹,155,0
AndhraPradesh,Gokavaram,TdCinemax,Telugu,14:30,FirstClass,100₹,296,212
AndhraPradesh,Gokavaram,TdCinemax,Telugu,14:30,SecondClass,100₹,103,102
AndhraPradesh,Macherla,NagarjunaKalamandir,Telugu,14:30,AClass,100₹,56,0
AndhraPradesh,Macherla,NagarjunaKalamandir,Telugu,14:30,BClass,100₹,127,0
AndhraPradesh,Macherla,NagarjunaKalamandir,Telugu,14:30,CClass,70₹,138,0
AndhraPradesh,Macherla,NagarjunaKalamandir,Telugu,14:30,DClass,50₹,100,0
AndhraPradesh,Eluru,AmbicaComplexEluru,Telugu,14:30,Recliners,250₹,23,6
AndhraPradesh,Eluru,AmbicaComplexEluru,Telugu,14:30,FirstClass,110₹,207,72
AndhraPradesh,Eluru,AmbicaComplexEluru,Telugu,14:30,SecondClass,70₹,70,69
AndhraPradesh,Eluru,AmbicaComplexEluru,Telugu,14:30,ThirdClass,50₹,66,65
AndhraPradesh,Kakinada,PadmapriyaSripriyaComplexKondayyaPalem,Telugu,14:30,Diplomat,112₹,254,122
AndhraPradesh,Kakinada,PadmapriyaSripriyaComplexKondayyaPalem,Telugu,14:30,FirstClass,75₹,16,15
AndhraPradesh,Kakinada,PadmapriyaSripriyaComplexKondayyaPalem,Telugu,14:30,FirstClass1,75₹,70,0
AndhraPradesh,Vizag,SvcCinemasGokulAC2KDolbyAllipuram,Telugu,14:30,FirstClass,147₹,352,0
AndhraPradesh,Vizag,SvcCinemasGokulAC2KDolbyAllipuram,Telugu,14:30,SecondClass,100₹,126,22
AndhraPradesh,Chebrolu,VigneswaraPalaceChebrolu,Telugu,14:30,Boxb,100₹,24,24
AndhraPradesh,Chebrolu,VigneswaraPalaceChebrolu,Telugu,14:30,Boxa,100₹,24,24
AndhraPradesh,Chebrolu,VigneswaraPalaceChebrolu,Telugu,14:30,FristClass,100₹,150,36
AndhraPradesh,Chebrolu,VigneswaraPalaceChebrolu,Telugu,14:30,SecondClass,78₹,60,0
AndhraPradesh,Kavali,VenkateswaraTheatreVaddiPalem,Telugu,14:30,Platinum,112₹,314,0
AndhraPradesh,Kavali,VenkateswaraTheatreVaddiPalem,Telugu,14:30,Gold,90₹,22,0
AndhraPradesh,Guntur,VCelluloidBhaskarCinemasKothapet,Telugu,14:35,Gold,110₹,248,125
AndhraPradesh,Guntur,VCelluloidBhaskarCinemasKothapet,Telugu,14:35,Silver,80₹,64,34
AndhraPradesh,Guntur,VCelluloidBhaskarCinemasKothapet,Telugu,14:35,Executive,80₹,48,16
AndhraPradesh,Guntur,JleCinemasGuntur,Telugu,14:35,Elite,295₹,17,0
AndhraPradesh,Guntur,JleCinemasGuntur,Telugu,14:35,Gold,177₹,123,0
Telangana,Hyderabad,PvrNexusMallFormerlyForumSujanaKukatpallyHyderabad,Telugu,14:35,Classic,150₹,232,75
Telangana,Hyderabad,PvrNexusMallFormerlyForumSujanaKukatpallyHyderabad,Telugu,14:35,Recliner,250₹,12,11
AndhraPradesh,Tenali,VCelluloidsLakshmiComplex,Telugu,14:40,Gold,150₹,204,20
AndhraPradesh,Tenali,VCelluloidsLakshmiComplex,Telugu,14:40,Silver,70₹,60,0
AndhraPradesh,Guntur,VCelluloidBhaskarCinemasKothapet,Telugu,14:40,Platinum,295₹,42,22
AndhraPradesh,Guntur,VCelluloidBhaskarCinemasKothapet,Telugu,14:40,Gold,110₹,611,317
AndhraPradesh,Guntur,VCelluloidBhaskarCinemasKothapet,Telugu,14:40,Silver,80₹,115,46
AndhraPradesh,Guntur,VCelluloidBhaskarCinemasKothapet,Telugu,14:40,Executive,80₹,92,46
AndhraPradesh,Addanki,VCelluloidsSatyanarayanaKalamandirNspColony,Telugu,14:40,GoldClass,110₹,180,20
AndhraPradesh,Addanki,VCelluloidsSatyanarayanaKalamandirNspColony,Telugu,14:40,ExecutiveClass,70₹,40,0
Telangana,Hyderabad,CinepolisMantraMallUpparpally,Telugu,14:45,Normal,150₹,195,1
Telangana,Hyderabad,CinepolisMantraMallUpparpally,Telugu,14:45,Vip,250₹,9,2
AndhraPradesh,Narasaraopet,VCelluloidsVijethaDeluxNarasaraopet,Telugu,14:45,Gold,110₹,320,84
AndhraPradesh,Narasaraopet,VCelluloidsVijethaDeluxNarasaraopet,Telugu,14:45,Elite,110₹,41,0
AndhraPradesh,Pithapuram,SriSatyaTheatreACDtsVeeraraghavapuram,Telugu,14:45,FirstClass,100₹,249,94
AndhraPradesh,Tekkali,BhavaniTheatreTekkali,Telugu,14:45,FirstClass,100₹,146,50
AndhraPradesh,Tekkali,BhavaniTheatreTekkali,Telugu,14:45,SecondClass,80₹,48,0
AndhraPradesh,Chilakaluripet,VCelluloidsKRComplexChilakaluripet,Telugu,14:45,Gold,110₹,95,0
AndhraPradesh,Chilakaluripet,VCelluloidsKRComplexChilakaluripet,Telugu,14:45,Elite,70₹,32,0
AndhraPradesh,Chimakurthy,K3KCinemasChimakurthy,Telugu,14:45,Gold,150₹,296,148
AndhraPradesh,Chimakurthy,K3KCinemasChimakurthy,Telugu,14:45,Silver,90₹,85,34
AndhraPradesh,Bhimavaram,AvgCinemasGeethaMultiplex4KDolbyAtmos,Telugu,14:45,Gold,150₹,224,19
AndhraPradesh,Venkatagiri,K3KSriBrahmarambaJyothiMahalTheatre,Telugu,14:50,Platinum,112₹,290,0
AndhraPradesh,Venkatagiri,K3KSriBrahmarambaJyothiMahalTheatre,Telugu,14:50,Gold,90₹,44,0
Telangana,Hyderabad,InoxGvkOneBanjaraHills,Telugu,14:50,Executive,150₹,157,7
Telangana,Hyderabad,InoxGvkOneBanjaraHills,Telugu,14:50,Royal,250₹,11,4
AndhraPradesh,Vijayawada,MirajShantiPrashantiCinemasVijayawada,Telugu,15:00,Balcony,177₹,18,0
AndhraPradesh,Vijayawada,MirajShantiPrashantiCinemasVijayawada,Telugu,15:00,FirstClass,177₹,273,0
AndhraPradesh,Vizag,InoxVarunBeachMaharanipet,Telugu,15:00,Excutive,177₹,137,19
Telangana,Hyderabad,PlatinumMovieTimeCinemasAmeerpet,Telugu,15:00,SilverClass,150₹,357,4
Telangana,Hyderabad,PlatinumMovietimeCinemasGachibowliSlnTerminus,Telugu,15:00,PlatinumRecliners,350₹,32,0
Telangana,Hyderabad,PlatinumMovietimeCinemasGachibowliSlnTerminus,Telugu,15:00,PlatinumPremiumRecliner,350₹,16,4
AndhraPradesh,Kurnool,VMegaAnandCineComplexKurnool,Telugu,15:00,Platinum,148₹,13,13
AndhraPradesh,Kurnool,VMegaAnandCineComplexKurnool,Telugu,15:00,Gold,148₹,190,16
AndhraPradesh,Kurnool,VMegaAnandCineComplexKurnool,Telugu,15:00,Executive,112₹,48,0
Maharashtra,Mumbai,InoxRCityGhatkoparW,Telugu,15:05,Club,190₹,63,0
Maharashtra,Mumbai,InoxRCityGhatkoparW,Telugu,15:05,Executive,170₹,35,1
Maharashtra,Mumbai,InoxRCityGhatkoparW,Telugu,15:05,RoyalRecliner,280₹,13,1
Maharashtra,Mumbai,InoxRCityGhatkoparW,Telugu,15:05,Royal,200₹,37,4
AndhraPradesh,Sullurpeta,VCelluloidsVEpiqSullurpeta,Telugu,15:15,Gold,150₹,112,14
AndhraPradesh,Sullurpeta,VCelluloidsVEpiqSullurpeta,Telugu,15:15,Executive,100₹,28,0
Maharashtra,Pune,InoxAmanoraTownCentreHadapsar,Telugu,15:25,Club,150₹,157,4
Maharashtra,Pune,InoxAmanoraTownCentreHadapsar,Telugu,15:25,Executive,150₹,42,0
Maharashtra,Pune,InoxAmanoraTownCentreHadapsar,Telugu,15:25,Royale,230₹,6,0
AndhraPradesh,Kakinada,SpAnandCinemasKakinada,Telugu,15:30,Reclinear,295₹,19,8
AndhraPradesh,Kakinada,SpAnandCinemasKakinada,Telugu,15:30,PremiumClass,148₹,296,17
AndhraPradesh,Vijayawada,CapitalCinemasTrendsetMallKalaNagar,Telugu,15:30,Gold,295₹,17,0
AndhraPradesh,Vijayawada,CapitalCinemasTrendsetMallKalaNagar,Telugu,15:30,Executive,177₹,368,0
TamilNadu,Coimbatore,InoxProzoneMallSathyRoad,Telugu,15:40,Club,202₹,134,3
TamilNadu,Coimbatore,InoxProzoneMallSathyRoad,Telugu,15:40,Executive,63₹,22,1
TamilNadu,Chennai,SpiEscapeCinemasRoyapettah,Telugu,15:55,Elite,175₹,99,33
TamilNadu,Chennai,SpiEscapeCinemasRoyapettah,Telugu,15:55,Budget,63₹,11,11
Telangana,Hyderabad,MovieMaxAmrEcilSecunderabad,Telugu,16:00,Recliner,300₹,10,3
Telangana,Hyderabad,MovieMaxAmrEcilSecunderabad,Telugu,16:00,Prime,180₹,170,18
Telangana,Hyderabad,MovieMaxAmrEcilSecunderabad,Telugu,16:00,Classic,110₹,32,0
Karnataka,Bengaluru,PvrAuraParkSquareWhitefield,Telugu,16:00,Recliner,230₹,16,8
Karnataka,Bengaluru,PvrAuraParkSquareWhitefield,Telugu,16:00,Classic,140₹,158,12
Telangana,Hyderabad,PvrIrrumManzilKhairatabad,Telugu,16:05,Classic,150₹,158,20
Telangana,Hyderabad,PvrIrrumManzilKhairatabad,Telugu,16:05,Recliner,250₹,10,1
Karnataka,Bengaluru,PvrOrionMallDrRajkumarRoad,Telugu,16:05,Classic,150₹,180,19
Karnataka,Bengaluru,PvrOrionMallDrRajkumarRoad,Telugu,16:05,Prime,170₹,120,0
Karnataka,Bengaluru,PvrOrionMallDrRajkumarRoad,Telugu,16:05,Recliner,250₹,36,12
Telangana,Hyderabad,InoxSattvaNecklaceMallKavadiguda,Telugu,16:10,Executive,150₹,203,8
Telangana,Hyderabad,InoxSattvaNecklaceMallKavadiguda,Telugu,16:10,Royal,250₹,11,6
TamilNadu,Chennai,InoxTheMarinaMallOmrEgatoor,Telugu,16:15,Club,202₹,126,13
TamilNadu,Chennai,InoxTheMarinaMallOmrEgatoor,Telugu,16:15,Executive,63₹,16,16
Telangana,Hyderabad,CinepolisCcplMallMalkajgiri,Telugu,16:15,Executive,150₹,135,2
Telangana,Hyderabad,JpCinemasChandanagarHyderabad,Telugu,16:20,Sofa,200₹,15,8
Telangana,Hyderabad,JpCinemasChandanagarHyderabad,Telugu,16:20,Gold,150₹,204,120
Telangana,Hyderabad,CinepolisDslVirtueMallUppal,Telugu,16:25,Normal,150₹,35,0
Telangana,Hyderabad,CinepolisDslVirtueMallUppal,Telugu,16:25,Executive,150₹,141,17
Telangana,Hyderabad,CinepolisDslVirtueMallUppal,Telugu,16:25,Vip,250₹,7,2
AndhraPradesh,Vizag,InoxCmrCentralMaddilapalem,Telugu,16:25,Executive,177₹,224,44
AndhraPradesh,Vijayawada,CinepolisPvpSquareVijayawada,Telugu,16:30,Normal,177₹,265,13
AndhraPradesh,Vijayawada,CinepolisPvpSquareVijayawada,Telugu,16:30,Vip,295₹,6,2
Telangana,Hyderabad,InoxMaheshwariParmeshwariMallKachiguda,Telugu,16:35,Executive,150₹,149,6
AndhraPradesh,Vijayawada,InoxLeplIconPatamata,Telugu,16:45,Club,177₹,252,0
AndhraPradesh,Vijayawada,InoxLeplIconPatamata,Telugu,16:45,Royal,295₹,28,3
AndhraPradesh,Vijayawada,G3TheatresRajYuvraj,Telugu,16:50,Recliner,295₹,44,22
AndhraPradesh,Vijayawada,G3TheatresRajYuvraj,Telugu,16:50,Gold,150₹,392,100
Telangana,Hyderabad,PvrNexusMallFormerlyForumSujanaKukatpallyHyderabad,Telugu,16:50,Classic,150₹,244,56
Telangana,Hyderabad,PvrNexusMallFormerlyForumSujanaKukatpallyHyderabad,Telugu,16:50,Recliner,250₹,13,13
AndhraPradesh,Vizianagaram,SvcRanjaniAndShivaranjaniJonnaguddiArea,Telugu,16:50,Gold,177₹,189,4
AndhraPradesh,Vizianagaram,SvcRanjaniAndShivaranjaniJonnaguddiArea,Telugu,16:50,Silver,112₹,62,3
Telangana,Hyderabad,PvrRkCineplexBanjaraHills,Telugu,16:55,Recliner,250₹,22,8
Telangana,Hyderabad,PvrRkCineplexBanjaraHills,Telugu,16:55,Classic,150₹,248,17
AndhraPradesh,Vijayawada,CinepolisPowerOneMallBunderRoad,Telugu,17:00,Normal,147₹,24,0
AndhraPradesh,Vijayawada,CinepolisPowerOneMallBunderRoad,Telugu,17:00,Executive,147₹,54,0
AndhraPradesh,Vijayawada,CinepolisPowerOneMallBunderRoad,Telugu,17:00,Premium,147₹,77,27
Telangana,Karimnagar,PrathimaMultiplex,Telugu,17:00,FirstClass,200₹,12,12
Telangana,Karimnagar,PrathimaMultiplex,Telugu,17:00,SecondClass,150₹,220,0
Telangana,Karimnagar,PrathimaMultiplex,Telugu,17:00,LastClass,112₹,80,0
Telangana,Hyderabad,CinepolisSudhaCinemasRajpalNagar,Telugu,17:05,Executive,150₹,71,18
Telangana,Hyderabad,CinepolisSudhaCinemasRajpalNagar,Telugu,17:05,Normal,150₹,51,0
Karnataka,Bengaluru,CinepolisEtaNammaMallBinnyPete,Telugu,17:05,Normal,150₹,9,0
Karnataka,Bengaluru,CinepolisEtaNammaMallBinnyPete,Telugu,17:05,Executive,150₹,78,0
Karnataka,Bengaluru,CinepolisEtaNammaMallBinnyPete,Telugu,17:05,Premium,150₹,33,0
Telangana,Hyderabad,InoxGsmMallMadinaguda,Telugu,17:10,Executive,150₹,175,30
Telangana,Hyderabad,InoxGsmMallMadinaguda,Telugu,17:10,Royal,250₹,7,3
Telangana,Hyderabad,PvrAtriumGachibowliHyderabad,Telugu,17:20,Classic,150₹,156,27
Telangana,Hyderabad,PvrAtriumGachibowliHyderabad,Telugu,17:20,Recliner,250₹,16,11
Telangana,Hyderabad,PvrInorbitCyberabad,Telugu,17:20,Classic,150₹,161,26
Telangana,Hyderabad,PvrIconHitechMadhapur,Telugu,17:30,Classic,150₹,179,19
Telangana,Hyderabad,PvrIconHitechMadhapur,Telugu,17:30,Recliner,250₹,11,9
Telangana,Hyderabad,CinepolisMantraMallUpparpally,Telugu,17:30,Normal,150₹,195,6
Telangana,Hyderabad,CinepolisMantraMallUpparpally,Telugu,17:30,Vip,250₹,9,4
Telangana,Hyderabad,PlatinumMovieTimeCinemasAmeerpet,Telugu,17:30,SilverClass,150₹,357,19
Telangana,Hyderabad,PlatinumMovietimeCinemasGachibowliSlnTerminus,Telugu,17:30,PlatinumRecliners,350₹,32,4
Telangana,Hyderabad,PlatinumMovietimeCinemasGachibowliSlnTerminus,Telugu,17:30,PlatinumPremiumRecliner,350₹,16,7
AndhraPradesh,Vizag,SriLakshminarasimhaPicturePalace104Area,Telugu,17:50,Premium,145₹,162,108
AndhraPradesh,Vizag,SriLakshminarasimhaPicturePalace104Area,Telugu,17:50,NonPremium,100₹,63,63
AndhraPradesh,Vizag,SriLakshminarasimhaPicturePalace104Area,Telugu,17:50,Premium,145₹,162,108
AndhraPradesh,Vizag,SriLakshminarasimhaPicturePalace104Area,Telugu,17:50,NonPremium,100₹,63,63
AndhraPradesh,Tiruvuru,SriSriKrishnaPicturePlace,Telugu,18:00,ReservedClass,100₹,259,18
AndhraPradesh,Tiruvuru,SriSriKrishnaPicturePlace,Telugu,18:00,FirstClass,80₹,65,0
AndhraPradesh,Vizag,ShankaraSatyamPicturePalaceGopalapatnam,Telugu,18:00,Balcony,112₹,208,186
AndhraPradesh,Vizag,ShankaraSatyamPicturePalaceGopalapatnam,Telugu,18:00,FirstClass,70₹,25,24
AndhraPradesh,Vizag,ShankaraSatyamPicturePalaceGopalapatnam,Telugu,18:00,SecondClass,40₹,65,64
AndhraPradesh,Mylavaram,SangaMitraTheatreMylavaram,Telugu,18:00,ReservedClass,100₹,92,12
AndhraPradesh,Mylavaram,SangaMitraTheatreMylavaram,Telugu,18:00,SecondClass,60₹,20,20
AndhraPradesh,Kaikalur,G3TheatresSriVijayalakshmi,Telugu,18:00,Box,100₹,16,15
AndhraPradesh,Kaikalur,G3TheatresSriVijayalakshmi,Telugu,18:00,Sofa,100₹,35,34
AndhraPradesh,Kaikalur,G3TheatresSriVijayalakshmi,Telugu,18:00,FirstClass,100₹,194,113
AndhraPradesh,Kaikalur,G3TheatresSriVijayalakshmi,Telugu,18:00,SecondClass,78₹,72,71
AndhraPradesh,Tadepalligudem,G3LakshmiNarayanaTheatresSavitrupet,Telugu,18:00,Recilnear,295₹,14,14
AndhraPradesh,Tadepalligudem,G3LakshmiNarayanaTheatresSavitrupet,Telugu,18:00,Premium,112₹,311,157
AndhraPradesh,Tadepalligudem,G3LakshmiNarayanaTheatresSavitrupet,Telugu,18:00,NonPremium,90₹,108,108
Telangana,Choutuppal,SrinivasaTheatreChoutuppal,Telugu,18:00,ABox,110₹,26,26
Telangana,Choutuppal,SrinivasaTheatreChoutuppal,Telugu,18:00,BBox,110₹,22,0
Telangana,Choutuppal,SrinivasaTheatreChoutuppal,Telugu,18:00,Balcony,110₹,453,0
AndhraPradesh,Madanapalle,MiniSiddarthaTheatreACKrishnaNagar,Telugu,18:00,Reserved,110₹,210,0
AndhraPradesh,Madanapalle,MiniSiddarthaTheatreACKrishnaNagar,Telugu,18:00,First,110₹,103,0
AndhraPradesh,Madanapalle,MiniSiddarthaTheatreACKrishnaNagar,Telugu,18:00,Second,80₹,95,0
Telangana,Jangaon,SvcDeviJangaon,Telugu,18:00,Balcony,110₹,478,186
Telangana,Jangaon,SvcDeviJangaon,Telugu,18:00,FirstClass,80₹,77,77
AndhraPradesh,Vizag,StblCineWorldSheelaNagar,Telugu,18:00,Sofa,145₹,20,0
AndhraPradesh,Vizag,StblCineWorldSheelaNagar,Telugu,18:00,PremiumClass,145₹,249,0
AndhraPradesh,Vizag,StblCineWorldSheelaNagar,Telugu,18:00,ExecutiveClass,100₹,65,0
AndhraPradesh,Vijayawada,CapitalCinemasTrendsetMallKalaNagar,Telugu,18:00,Gold,295₹,17,0
AndhraPradesh,Vijayawada,CapitalCinemasTrendsetMallKalaNagar,Telugu,18:00,Executive,177₹,368,0
AndhraPradesh,Jaggampeta,SriRajaveni,Telugu,18:00,FirstClass,100₹,266,66
AndhraPradesh,Jaggampeta,SriRajaveni,Telugu,18:00,SecondClass,100₹,60,59
AndhraPradesh,Jaggampeta,SriRajaveni,Telugu,18:00,ThirdClass,100₹,78,77
AndhraPradesh,Peddapuram,LalithaSriLalithaTheatrePeddapuram,Telugu,18:00,FirstClass,100₹,196,76
AndhraPradesh,Peddapuram,LalithaSriLalithaTheatrePeddapuram,Telugu,18:00,SecondClass,75₹,50,49
Telangana,Hyderabad,SangeethaTheatreRcPuramFormerlySvcSangeetha,Telugu,18:00,Platinum,110₹,486,50
Telangana,Hyderabad,SangeethaTheatreRcPuramFormerlySvcSangeetha,Telugu,18:00,Gold,80₹,52,0
Telangana,Hyderabad,SangeethaTheatreRcPuramFormerlySvcSangeetha,Telugu,18:00,Silver,50₹,154,154
AndhraPradesh,Tanuku,SriVenkateswaraComplex,Telugu,18:00,Recliner,0₹,12,11
AndhraPradesh,Tanuku,SriVenkateswaraComplex,Telugu,18:00,Sofa,0₹,54,53
AndhraPradesh,Tanuku,SriVenkateswaraComplex,Telugu,18:00,Balcony,0₹,270,72
AndhraPradesh,Tanuku,SriVenkateswaraComplex,Telugu,18:00,ThirdClass,0₹,88,87
AndhraPradesh,Ramachandrapuram,SuryaCinemaxRamachandrapuram,Telugu,18:15,FirstClass,110₹,194,16
AndhraPradesh,Ramachandrapuram,SuryaCinemaxRamachandrapuram,Telugu,18:15,SecondClass,110₹,64,0
AndhraPradesh,Payakaraopeta,SvcSriLaxmiPayakaraopeta,Telugu,18:15,FirstClass,100₹,414,64
AndhraPradesh,Payakaraopeta,SvcSriLaxmiPayakaraopeta,Telugu,18:15,ThirdClass,78₹,134,0
AndhraPradesh,Rajam,SvcApsaraPicturePalacePalakondaRoad,Telugu,18:15,Balcony,110₹,250,2
AndhraPradesh,Rajam,SvcApsaraPicturePalacePalakondaRoad,Telugu,18:15,SecondClass,90₹,106,0
Telangana,Hyderabad,Sampurna70Mm2KDolbyDigitalVanasthalipuram,Telugu,18:15,Balcony,150₹,253,114
Telangana,Hyderabad,Sampurna70Mm2KDolbyDigitalVanasthalipuram,Telugu,18:15,DressCircle,110₹,300,150
Telangana,Hyderabad,Sampurna70Mm2KDolbyDigitalVanasthalipuram,Telugu,18:15,FirstClass,80₹,95,95
Telangana,Hyderabad,Sampurna70Mm2KDolbyDigitalVanasthalipuram,Telugu,18:15,LowerClass,50₹,187,187
Telangana,Hyderabad,SreeRamanaGold4KDolby71Amberpet,Telugu,18:15,Balcony,110₹,410,126
Telangana,Hyderabad,SreeRamanaGold4KDolby71Amberpet,Telugu,18:15,DressCircle,80₹,245,45
Telangana,Hyderabad,SreeRamanaGold4KDolby71Amberpet,Telugu,18:15,ThirdClass,50₹,165,165
AndhraPradesh,Kovvur,DeviShreeGayatriKovvur,Telugu,18:15,FirstClass,112₹,272,133
AndhraPradesh,Kovvur,DeviShreeGayatriKovvur,Telugu,18:15,SecondClass,70₹,98,72
Telangana,Nizamabad,SvcVijayTheatreNizamabad,Telugu,18:15,Platinum,110₹,476,84
Telangana,Nizamabad,SvcVijayTheatreNizamabad,Telugu,18:15,Gold,80₹,20,20
Telangana,Nizamabad,SvcVijayTheatreNizamabad,Telugu,18:15,Silver,50₹,125,0
AndhraPradesh,Parvathipuram,SvcTbrCinemasParvathipuram,Telugu,18:15,PremiumClass,100₹,297,34
AndhraPradesh,Parvathipuram,SvcTbrCinemasParvathipuram,Telugu,18:15,NonPremium,80₹,95,0
AndhraPradesh,Mandapeta,SapthagiriComplexACDtsSatyasriRoad,Telugu,18:15,DressCircle,110₹,19,19
AndhraPradesh,Mandapeta,SapthagiriComplexACDtsSatyasriRoad,Telugu,18:15,FirstClass,110₹,153,0
AndhraPradesh,Mandapeta,SapthagiriComplexACDtsSatyasriRoad,Telugu,18:15,SecondClass,70₹,50,33
AndhraPradesh,Kankipadu,SriRamaChandraTheatreKankipadu,Telugu,18:15,Premium,80₹,292,48
AndhraPradesh,Kankipadu,SriRamaChandraTheatreKankipadu,Telugu,18:15,NonPremium,60₹,110,88
Telangana,Nirmal,TirumalaTheater70MmNirmal,Telugu,18:15,Balcony,110₹,417,199
Telangana,Nirmal,TirumalaTheater70MmNirmal,Telugu,18:15,FirstClass,80₹,211,116
AndhraPradesh,Dowlaiswaram,GeethaApsaraTheatreMangalavaripeta,Telugu,18:15,Premium,112₹,455,113
AndhraPradesh,Dowlaiswaram,GeethaApsaraTheatreMangalavaripeta,Telugu,18:15,NonPremium,75₹,158,157
Karnataka,Bengaluru,PvrGoldVrBengaluruWhitefieldRoad,Telugu,18:15,Gold,450₹,14,0
Karnataka,Bengaluru,PvrGoldVrBengaluruWhitefieldRoad,Telugu,18:15,GoldPrime,500₹,7,5
AndhraPradesh,Ganapavaram,KumariPicturePalaceACDtsJagannadhapuram,Telugu,18:15,SofaClass,150₹,230,156
AndhraPradesh,Ganapavaram,KumariPicturePalaceACDtsJagannadhapuram,Telugu,18:15,FirstClass,120₹,0,0
AndhraPradesh,Bhimavaram,NatarajTheatre2KACDtsBalusumoodi,Telugu,18:15,FirstClass,120₹,220,20
AndhraPradesh,Bhimavaram,NatarajTheatre2KACDtsBalusumoodi,Telugu,18:15,SecondClass,80₹,40,0
AndhraPradesh,Bhimavaram,NatarajTheatre2KACDtsBalusumoodi,Telugu,18:15,ThirdClass,50₹,80,80
AndhraPradesh,Narasannapeta,SriVenkateswaraMahal,Telugu,18:15,1Premium,100₹,194,50
AndhraPradesh,PalasaKasibugga,BhaskaraRamaACDtsKasibugga,Telugu,18:15,Premium,100₹,343,5
AndhraPradesh,PalasaKasibugga,BhaskaraRamaACDtsKasibugga,Telugu,18:15,NonPremium,80₹,147,147
AndhraPradesh,Gokavaram,TdCinemax,Telugu,18:15,FirstClass,100₹,296,212
AndhraPradesh,Gokavaram,TdCinemax,Telugu,18:15,SecondClass,100₹,103,102
Telangana,Nalgonda,PvnCinemax,Telugu,18:15,1Balcony,110₹,473,93
Telangana,Nalgonda,PvnCinemax,Telugu,18:15,2SecondClass,80₹,131,5
Telangana,Nalgonda,PvnCinemax,Telugu,18:15,3ThirdClass,50₹,163,64
AndhraPradesh,Akividu,G3TheatresGangaratnam,Telugu,18:15,Sofa,150₹,84,83
AndhraPradesh,Akividu,G3TheatresGangaratnam,Telugu,18:15,1stClass,100₹,200,40
AndhraPradesh,Akividu,G3TheatresGangaratnam,Telugu,18:15,2ndClass,80₹,58,18
AndhraPradesh,Akividu,G3TheatresGangaratnam,Telugu,18:15,3rdClass,50₹,40,39
AndhraPradesh,Eluru,AmbicaComplexEluru,Telugu,18:15,Recliners,250₹,23,6
AndhraPradesh,Eluru,AmbicaComplexEluru,Telugu,18:15,FirstClass,110₹,207,72
AndhraPradesh,Eluru,AmbicaComplexEluru,Telugu,18:15,SecondClass,70₹,70,69
AndhraPradesh,Eluru,AmbicaComplexEluru,Telugu,18:15,ThirdClass,50₹,66,65
Telangana,Secunderabad,TalluriTheatresKushaiguda,Telugu,18:15,Gold,150₹,288,216
Telangana,Secunderabad,TalluriTheatresKushaiguda,Telugu,18:15,Silver,75₹,72,48
AndhraPradesh,Vizag,SvcCinemasGokulAC2KDolbyAllipuram,Telugu,18:15,FirstClass,147₹,352,0
AndhraPradesh,Vizag,SvcCinemasGokulAC2KDolbyAllipuram,Telugu,18:15,SecondClass,100₹,126,22
AndhraPradesh,Malikipuram,VenkataNarayanaPicturePalace,Telugu,18:20,FirstClass,100₹,276,24
AndhraPradesh,Malikipuram,VenkataNarayanaPicturePalace,Telugu,18:20,SecondClass,80₹,76,75
AndhraPradesh,Bapatla,VCelluloidsSrinivasaMahalBapatla,Telugu,18:30,Gold,110₹,262,0
AndhraPradesh,Bapatla,VCelluloidsSrinivasaMahalBapatla,Telugu,18:30,Executive,110₹,82,0
AndhraPradesh,Vuyyuru,G3TheatresSrinivasaVuyyuru,Telugu,18:30,1Premium,100₹,293,75
AndhraPradesh,Vuyyuru,G3TheatresSrinivasaVuyyuru,Telugu,18:30,2NonPremium,78₹,90,89
AndhraPradesh,Pithapuram,SriSatyaTheatreACDtsVeeraraghavapuram,Telugu,18:30,FirstClass,100₹,249,94
AndhraPradesh,Cheepurupalli,SvcVamsiVishnuVaibhavTheatres,Telugu,18:30,Premium,100₹,206,54
AndhraPradesh,Cheepurupalli,SvcVamsiVishnuVaibhavTheatres,Telugu,18:30,NonPremium,100₹,116,0
AndhraPradesh,Bobbili,SvcTbrCinemasBobbili,Telugu,18:30,Platinum,112₹,294,0
AndhraPradesh,Bobbili,SvcTbrCinemasBobbili,Telugu,18:30,Silver,90₹,103,0
AndhraPradesh,Anantapur,GowriComplexOldTown,Telugu,18:30,Platinum,110₹,297,0
AndhraPradesh,Anantapur,GowriComplexOldTown,Telugu,18:30,Gold,80₹,197,62
AndhraPradesh,Tekkali,BhavaniTheatreTekkali,Telugu,18:30,FirstClass,100₹,146,0
AndhraPradesh,Tekkali,BhavaniTheatreTekkali,Telugu,18:30,SecondClass,80₹,48,48
AndhraPradesh,Vizag,JagadambaComplexRamaDevi,Telugu,18:30,PremiumClass,140₹,163,147
AndhraPradesh,Vizag,JagadambaComplexRamaDevi,Telugu,18:30,NonPremiumClass,140₹,115,115
AndhraPradesh,Srikalahasti,SpRamachandraSrikalahasti,Telugu,18:30,1stClass,112₹,706,383
AndhraPradesh,Srikalahasti,SpRamachandraSrikalahasti,Telugu,18:30,2ndClass,90₹,219,94
AndhraPradesh,Ponduru,KalanjaliTheatre2KACDolby71Ponduru,Telugu,18:30,FirstClass,100₹,287,23
AndhraPradesh,Ponduru,KalanjaliTheatre2KACDolby71Ponduru,Telugu,18:30,SecondClass,70₹,87,87
AndhraPradesh,Pileru,SvMahalPileruPiler,Telugu,18:30,Platinum,100₹,224,30
AndhraPradesh,Pileru,SvMahalPileruPiler,Telugu,18:30,Gold,100₹,64,64
AndhraPradesh,Repalle,VCelluloidsSriBasaveswaraChitralayaRepalle,Telugu,18:30,Gold,110₹,244,0
AndhraPradesh,Repalle,VCelluloidsSriBasaveswaraChitralayaRepalle,Telugu,18:30,Elite,110₹,40,0
AndhraPradesh,Adoni,SaiBabaTheatreHbgNagar,Telugu,18:30,FirstClass,110₹,169,0
AndhraPradesh,Adoni,SaiBabaTheatreHbgNagar,Telugu,18:30,SecondClass,90₹,149,53
AndhraPradesh,Vizag,SriJayaTheatreAcDtsKothavalasa,Telugu,18:30,Premium,100₹,323,183
AndhraPradesh,Vizag,SriJayaTheatreAcDtsKothavalasa,Telugu,18:30,Premium1,100₹,13,2
AndhraPradesh,Vizag,SriJayaTheatreAcDtsKothavalasa,Telugu,18:30,NonPremium,70₹,123,122
AndhraPradesh,Chirala,VcelluloidSanthiWoodNagarColony,Telugu,18:30,Gold,110₹,299,47
AndhraPradesh,Chirala,VcelluloidSanthiWoodNagarColony,Telugu,18:30,Silver,110₹,57,0
AndhraPradesh,Palakonda,SunCinemaxAcDtsVenkataGouriPalakonda,Telugu,18:30,Premium,100₹,122,34
Telangana,Mahabubabad,SvcSuryaKalamandir4KACDtsYellunduRoad,Telugu,18:30,FirstClass,110₹,398,23
Telangana,Mahabubabad,SvcSuryaKalamandir4KACDtsYellunduRoad,Telugu,18:30,SecondClass,80₹,138,29
AndhraPradesh,Srikakulam,SvcRamalakshmanaSrikakulam,Telugu,18:30,PremiumCl,140₹,550,7
AndhraPradesh,Srikakulam,SvcRamalakshmanaSrikakulam,Telugu,18:30,NonPremiumCl,70₹,200,0
AndhraPradesh,Rajampet,SaiCinemasBsTheatreRajampet,Telugu,18:30,Balcony,150₹,70,70
AndhraPradesh,Rajampet,SaiCinemasBsTheatreRajampet,Telugu,18:30,Couples,150₹,38,38
AndhraPradesh,Rajampet,SaiCinemasBsTheatreRajampet,Telugu,18:30,FirstClass,100₹,205,54
AndhraPradesh,Rajampet,SaiCinemasBsTheatreRajampet,Telugu,18:30,SecondClass,100₹,94,94
Telangana,Nakrekal,SriVenkateswaraTheatre70MmAc,Telugu,18:30,Balcony,100₹,262,203
Telangana,Nakrekal,SriVenkateswaraTheatre70MmAc,Telugu,18:30,ReservedClass,70₹,347,346
Telangana,Nakrekal,SriVenkateswaraTheatre70MmAc,Telugu,18:30,FirsClasss,50₹,103,102
Telangana,Godavarikhani,SrinivasaTheatreGodavarikhani,Telugu,18:30,Coupleseats,110₹,24,24
Telangana,Godavarikhani,SrinivasaTheatreGodavarikhani,Telugu,18:30,Balcony,110₹,453,381
AndhraPradesh,Vizag,JagadambaComplex,Telugu,18:30,Premium,140₹,163,104
AndhraPradesh,Vizag,JagadambaComplex,Telugu,18:30,NonPremium,70₹,39,0
AndhraPradesh,Vizag,JagadambaComplex,Telugu,18:30,NonPremium,70₹,76,75
Karnataka,Bengaluru,PvrPhoenixMarketcityMallWhitefieldRoad,Telugu,18:30,Classic,190₹,119,5
Karnataka,Bengaluru,PvrPhoenixMarketcityMallWhitefieldRoad,Telugu,18:30,Recliner,290₹,12,10
AndhraPradesh,Anakapalle,SriSairamMovieLandLibraryRoadCartStandRoad,Telugu,18:30,Premium,112₹,279,47
AndhraPradesh,Anakapalle,SriSairamMovieLandLibraryRoadCartStandRoad,Telugu,18:30,Premium,112₹,67,0
AndhraPradesh,Anakapalle,SriSairamMovieLandLibraryRoadCartStandRoad,Telugu,18:30,NonPremium,70₹,94,0
AndhraPradesh,Machilipatnam,G3TheatresRobertsonpeta,Telugu,18:30,PremiumClass,112₹,281,38
AndhraPradesh,Machilipatnam,G3TheatresRobertsonpeta,Telugu,18:30,NonPremium,112₹,93,0
Telangana,Khammam,SvcSriTirumalaTheatre2KDolbyAtmosKhammam,Telugu,18:30,Balcony,110₹,434,64
Telangana,Khammam,SvcSriTirumalaTheatre2KDolbyAtmosKhammam,Telugu,18:30,SecondCalss,80₹,236,0
Telangana,Khammam,SvcSriTirumalaTheatre2KDolbyAtmosKhammam,Telugu,18:30,ThhirdClass,50₹,181,0
Telangana,Hyderabad,MirajCinemasCineTownMiyapur,Telugu,18:30,Executivep,150₹,336,0
Telangana,Hyderabad,MirajCinemasCineTownMiyapur,Telugu,18:30,Gold,235₹,22,0
Telangana,Hyderabad,MirajCinemasCineTownMiyapur,Telugu,18:30,Executive,150₹,344,11
AndhraPradesh,Vizag,SreeKanyaTheatreRailwayNewColony,Telugu,18:30,Premium,145₹,441,27
AndhraPradesh,Vizag,SreeKanyaTheatreRailwayNewColony,Telugu,18:30,NonPremium,100₹,155,0
AndhraPradesh,Macherla,NagarjunaKalamandir,Telugu,18:30,AClass,100₹,56,0
AndhraPradesh,Macherla,NagarjunaKalamandir,Telugu,18:30,BClass,100₹,127,0
AndhraPradesh,Macherla,NagarjunaKalamandir,Telugu,18:30,CClass,70₹,138,0
AndhraPradesh,Macherla,NagarjunaKalamandir,Telugu,18:30,DClass,50₹,100,0
AndhraPradesh,Kakinada,PadmapriyaSripriyaComplexKondayyaPalem,Telugu,18:30,Diplomat,112₹,254,122
AndhraPradesh,Kakinada,PadmapriyaSripriyaComplexKondayyaPalem,Telugu,18:30,FirstClass,75₹,16,15
AndhraPradesh,Kakinada,PadmapriyaSripriyaComplexKondayyaPalem,Telugu,18:30,FirstClass1,75₹,70,0
AndhraPradesh,Chebrolu,VigneswaraPalaceChebrolu,Telugu,18:30,Boxb,100₹,24,24
AndhraPradesh,Chebrolu,VigneswaraPalaceChebrolu,Telugu,18:30,Boxa,100₹,24,24
AndhraPradesh,Chebrolu,VigneswaraPalaceChebrolu,Telugu,18:30,FristClass,100₹,150,36
AndhraPradesh,Chebrolu,VigneswaraPalaceChebrolu,Telugu,18:30,SecondClass,78₹,60,0
AndhraPradesh,Guntur,VCelluloidBhaskarCinemasKothapet,Telugu,18:35,Gold,110₹,248,125
AndhraPradesh,Guntur,VCelluloidBhaskarCinemasKothapet,Telugu,18:35,Silver,80₹,64,34
AndhraPradesh,Guntur,VCelluloidBhaskarCinemasKothapet,Telugu,18:35,Executive,80₹,48,16
AndhraPradesh,Guntur,JleCinemasGuntur,Telugu,18:40,Elite,295₹,17,0
AndhraPradesh,Guntur,JleCinemasGuntur,Telugu,18:40,Gold,177₹,123,0
AndhraPradesh,Tenali,VCelluloidsLakshmiComplex,Telugu,18:40,Gold,150₹,204,17
AndhraPradesh,Tenali,VCelluloidsLakshmiComplex,Telugu,18:40,Silver,70₹,60,0
AndhraPradesh,Guntur,VCelluloidBhaskarCinemasKothapet,Telugu,18:40,Platinum,295₹,42,22
AndhraPradesh,Guntur,VCelluloidBhaskarCinemasKothapet,Telugu,18:40,Gold,110₹,611,355
AndhraPradesh,Guntur,VCelluloidBhaskarCinemasKothapet,Telugu,18:40,Silver,80₹,115,55
AndhraPradesh,Guntur,VCelluloidBhaskarCinemasKothapet,Telugu,18:40,Executive,80₹,92,46
AndhraPradesh,Addanki,VCelluloidsSatyanarayanaKalamandirNspColony,Telugu,18:40,GoldClass,110₹,180,20
AndhraPradesh,Addanki,VCelluloidsSatyanarayanaKalamandirNspColony,Telugu,18:40,ExecutiveClass,70₹,40,0
AndhraPradesh,Narasaraopet,VCelluloidsVijethaDeluxNarasaraopet,Telugu,18:45,Gold,110₹,320,80
AndhraPradesh,Narasaraopet,VCelluloidsVijethaDeluxNarasaraopet,Telugu,18:45,Elite,110₹,41,0
Telangana,Mancherial,SvcCinemasGeminiMancherial,Telugu,18:45,Gold,150₹,192,28
Telangana,Mancherial,SvcCinemasGeminiMancherial,Telugu,18:45,Silver,110₹,40,0
Telangana,Mancherial,SvcCinemasGeminiMancherial,Telugu,18:45,Loungers,110₹,12,0
AndhraPradesh,Kurnool,InoxJyotiMallKurnool,Telugu,18:45,Executive,177₹,226,2
AndhraPradesh,Guntur,VCelluloidPlatenoCinemasVidyanagar,Telugu,18:45,PlatinumClass,295₹,16,2
AndhraPradesh,Guntur,VCelluloidPlatenoCinemasVidyanagar,Telugu,18:45,GoldClass,150₹,223,6
AndhraPradesh,Sullurpeta,VCelluloidsVEpiqSullurpeta,Telugu,18:45,Gold,150₹,112,20
AndhraPradesh,Sullurpeta,VCelluloidsVEpiqSullurpeta,Telugu,18:45,Executive,100₹,28,0
AndhraPradesh,Guntur,CinePrimeCinemaSrinivasaraoPet,Telugu,18:45,FirstClass,110₹,127,56
AndhraPradesh,Guntur,CinePrimeCinemaSrinivasaraoPet,Telugu,18:45,SecondClass,80₹,42,14
AndhraPradesh,Chilakaluripet,VCelluloidsKRComplexChilakaluripet,Telugu,18:45,Gold,110₹,95,0
AndhraPradesh,Chilakaluripet,VCelluloidsKRComplexChilakaluripet,Telugu,18:45,Elite,70₹,32,0
AndhraPradesh,Chimakurthy,K3KCinemasChimakurthy,Telugu,18:45,Gold,150₹,296,148
AndhraPradesh,Chimakurthy,K3KCinemasChimakurthy,Telugu,18:45,Silver,90₹,85,34
AndhraPradesh,Bhimavaram,AvgCinemasGeethaMultiplex4KDolbyAtmos,Telugu,18:45,Gold,150₹,224,43
AndhraPradesh,Kavali,VenkateswaraTheatreVaddiPalem,Telugu,18:45,Platinum,112₹,314,0
AndhraPradesh,Kavali,VenkateswaraTheatreVaddiPalem,Telugu,18:45,Gold,90₹,22,0
Telangana,Hyderabad,InoxSattvaNecklaceMallKavadiguda,Telugu,18:50,Executive,150₹,203,4
Telangana,Hyderabad,InoxSattvaNecklaceMallKavadiguda,Telugu,18:50,Royal,250₹,11,0
Karnataka,Bengaluru,InoxGarudaYelahanka,Telugu,18:50,Club,200₹,111,27
Karnataka,Bengaluru,InoxGarudaYelahanka,Telugu,18:50,Executive,180₹,72,0
AndhraPradesh,Vijayawada,InoxLailaMallMGRoad,Telugu,19:00,Club,177₹,282,2
AndhraPradesh,Vijayawada,InoxLailaMallMGRoad,Telugu,19:00,Royal,295₹,26,11
Telangana,Hyderabad,CinepolisDslVirtueMallUppal,Telugu,19:00,Normal,150₹,35,0
Telangana,Hyderabad,CinepolisDslVirtueMallUppal,Telugu,19:00,Executive,150₹,141,6
Telangana,Hyderabad,CinepolisDslVirtueMallUppal,Telugu,19:00,Vip,250₹,7,2
AndhraPradesh,Vijayawada,MirajShantiPrashantiCinemasVijayawada,Telugu,19:00,Balcony,177₹,18,0
AndhraPradesh,Vijayawada,MirajShantiPrashantiCinemasVijayawada,Telugu,19:00,FirstClass,177₹,273,0
Karnataka,Bengaluru,CinepolisEtaNammaMallBinnyPete,Telugu,19:00,Normal,170₹,10,0
Karnataka,Bengaluru,CinepolisEtaNammaMallBinnyPete,Telugu,19:00,Executive,170₹,82,0
Karnataka,Bengaluru,CinepolisEtaNammaMallBinnyPete,Telugu,19:00,Premium,170₹,47,18
AndhraPradesh,Kurnool,SvcCinemasCitySquareMall,Telugu,19:00,Platinum,295₹,19,0
AndhraPradesh,Kurnool,SvcCinemasCitySquareMall,Telugu,19:00,Gold,177₹,220,13
AndhraPradesh,Kurnool,SvcCinemasCitySquareMall,Telugu,19:00,Loungers,177₹,17,0
Karnataka,Bengaluru,CinepolisRoyalMeenakshiMallBannerghattaRoad,Telugu,19:00,Normal,150₹,26,0
Karnataka,Bengaluru,CinepolisRoyalMeenakshiMallBannerghattaRoad,Telugu,19:00,Executive,150₹,67,16
Karnataka,Bengaluru,CinepolisRoyalMeenakshiMallBannerghattaRoad,Telugu,19:00,Premium,150₹,25,18
AndhraPradesh,Kakinada,InoxSrmtMallRamanayyapeta,Telugu,19:00,Executive,112₹,131,85
AndhraPradesh,Vijayawada,CinepolisPvpSquareVijayawada,Telugu,19:15,Normal,177₹,265,39
AndhraPradesh,Vijayawada,CinepolisPvpSquareVijayawada,Telugu,19:15,Vip,295₹,6,6
Telangana,Hyderabad,InoxMaheshwariParmeshwariMallKachiguda,Telugu,19:15,Executive,150₹,149,13
AndhraPradesh,Kurnool,VMegaAnandCineComplexKurnool,Telugu,19:20,Platinum,148₹,13,13
AndhraPradesh,Kurnool,VMegaAnandCineComplexKurnool,Telugu,19:20,Gold,148₹,190,20
AndhraPradesh,Kurnool,VMegaAnandCineComplexKurnool,Telugu,19:20,Executive,112₹,48,0
Telangana,Hyderabad,JpCinemasChandanagarHyderabad,Telugu,19:20,Sofa,200₹,15,8
Telangana,Hyderabad,JpCinemasChandanagarHyderabad,Telugu,19:20,Gold,150₹,204,122
Karnataka,Bengaluru,CinepolisNexusShantiniketanThigalarapalya,Telugu,19:25,Vip,400₹,12,10
Karnataka,Bengaluru,CinepolisNexusShantiniketanThigalarapalya,Telugu,19:25,Premium,190₹,38,19
Karnataka,Bengaluru,CinepolisNexusShantiniketanThigalarapalya,Telugu,19:25,Executive,170₹,68,9
Karnataka,Bengaluru,CinepolisNexusShantiniketanThigalarapalya,Telugu,19:25,Normal,150₹,28,0
TamilNadu,Chennai,InoxTheMarinaMallOmrEgatoor,Telugu,19:30,Club,202₹,126,7
TamilNadu,Chennai,InoxTheMarinaMallOmrEgatoor,Telugu,19:30,Executive,63₹,16,16
TamilNadu,Chennai,PvrVrMallAnnaNagar,Telugu,19:30,Classic,63₹,34,34
TamilNadu,Chennai,PvrVrMallAnnaNagar,Telugu,19:30,Prime,189₹,142,47
Telangana,Hyderabad,MirajShaliniShivaniCinemasKothapet,Telugu,19:30,Executive,150₹,130,4
AndhraPradesh,Vijayawada,InoxUrvasiComplexGandhiNagar,Telugu,19:35,Club,177₹,266,10
Karnataka,Bengaluru,InoxBrookefieldMallKundalahalli,Telugu,19:40,Club,180₹,12,8
Karnataka,Bengaluru,InoxBrookefieldMallKundalahalli,Telugu,19:40,Executive,170₹,89,10
Telangana,Hyderabad,PvrPrestonPrimeGachibowli,Telugu,19:40,Classic,150₹,217,61
Telangana,Hyderabad,PvrNexusMallFormerlyForumSujanaKukatpallyHyderabad,Telugu,19:40,Classic,150₹,232,94
Telangana,Hyderabad,PvrNexusMallFormerlyForumSujanaKukatpallyHyderabad,Telugu,19:40,Recliner,250₹,12,0
Telangana,Karimnagar,PrathimaMultiplex,Telugu,19:45,FirstClass,200₹,12,12
Telangana,Karimnagar,PrathimaMultiplex,Telugu,19:45,SecondClass,150₹,220,0
Telangana,Karimnagar,PrathimaMultiplex,Telugu,19:45,LastClass,112₹,80,0
TamilNadu,Chennai,PvrHeritageRslEcrChennai,Telugu,19:50,Classic,63₹,11,11
TamilNadu,Chennai,PvrHeritageRslEcrChennai,Telugu,19:50,Prime,189₹,99,15
AndhraPradesh,Vizianagaram,SvcRanjaniAndShivaranjaniJonnaguddiArea,Telugu,19:50,Gold,177₹,189,11
AndhraPradesh,Vizianagaram,SvcRanjaniAndShivaranjaniJonnaguddiArea,Telugu,19:50,Silver,112₹,62,0
AndhraPradesh,Vizag,InoxChitralayaaMallChitralayaa,Telugu,19:50,Executive,177₹,149,35
AndhraPradesh,Guntur,PvrGuntur,Telugu,19:55,Premium,295₹,13,11
AndhraPradesh,Guntur,PvrGuntur,Telugu,19:55,Deluxe,177₹,146,16
AndhraPradesh,Vijayawada,CinepolisPowerOneMallBunderRoad,Telugu,19:55,Normal,147₹,26,0
AndhraPradesh,Vijayawada,CinepolisPowerOneMallBunderRoad,Telugu,19:55,Executive,147₹,58,0
AndhraPradesh,Vijayawada,CinepolisPowerOneMallBunderRoad,Telugu,19:55,Premium,147₹,80,25
AndhraPradesh,Vizag,InoxCmrCentralGajuwaka,Telugu,20:00,Executive,177₹,242,43
AndhraPradesh,Vizag,InoxCmrCentralGajuwaka,Telugu,20:00,Royal,295₹,8,7
Telangana,Hyderabad,PvrAtriumGachibowliHyderabad,Telugu,20:00,Classic,150₹,156,45
Telangana,Hyderabad,PvrAtriumGachibowliHyderabad,Telugu,20:00,Recliner,250₹,16,15
Telangana,Hyderabad,MirajCinemasGeetaChandanagar,Telugu,20:00,Executive,150₹,292,8
Telangana,Hyderabad,MirajCinemasGeetaChandanagar,Telugu,20:00,Gold,250₹,32,12
Telangana,Hyderabad,PlatinumMovieTimeCinemasAmeerpet,Telugu,20:00,SilverClass,150₹,357,9
Telangana,Hyderabad,PlatinumMovietimeCinemasGachibowliSlnTerminus,Telugu,20:00,PlatinumRecliners,350₹,32,2
Telangana,Hyderabad,PlatinumMovietimeCinemasGachibowliSlnTerminus,Telugu,20:00,PlatinumPremiumRecliner,350₹,16,5
Telangana,Hyderabad,PvrMallapurHyderabad,Telugu,20:00,Classic,150₹,201,13
Telangana,Hyderabad,PvrMusarambaghNewMalakpet,Telugu,20:00,Classic,150₹,150,27
Telangana,Warangal,PvrMaddoxWarangal,Telugu,20:00,Classic,150₹,253,53
Telangana,Hyderabad,PvrPanjagutta,Telugu,20:00,Classic,150₹,217,29
Telangana,Hyderabad,PvrPanjagutta,Telugu,20:00,Recliner,250₹,17,16
Telangana,Nizamabad,PvrVenuMallNizamabad,Telugu,20:00,Classic,150₹,362,35
Telangana,Nizamabad,PvrVenuMallNizamabad,Telugu,20:00,Recliner,250₹,13,8
Telangana,Hyderabad,CinepolisSudhaCinemasRajpalNagar,Telugu,20:00,Normal,150₹,72,0
Telangana,Hyderabad,CinepolisSudhaCinemasRajpalNagar,Telugu,20:00,Executive,150₹,148,24
Telangana,Hyderabad,PvrIconHitechMadhapur,Telugu,20:10,Classic,150₹,179,60
Telangana,Hyderabad,PvrIconHitechMadhapur,Telugu,20:10,Recliner,250₹,11,10
Telangana,Hyderabad,InoxGvkOneBanjaraHills,Telugu,20:10,Executive,150₹,157,11
Telangana,Hyderabad,InoxGvkOneBanjaraHills,Telugu,20:10,Royal,250₹,11,11
AndhraPradesh,Vijayawada,PvrRipplesMallVijaywada,Telugu,20:10,Classic,177₹,182,17
AndhraPradesh,Vijayawada,PvrRipplesMallVijaywada,Telugu,20:10,Recliner,295₹,13,6
Telangana,Hyderabad,MirajCinemasCineTownMiyapur,Telugu,20:10,Executivep,150₹,336,0
Telangana,Hyderabad,MirajCinemasCineTownMiyapur,Telugu,20:10,Gold,235₹,22,0
Telangana,Hyderabad,MirajCinemasCineTownMiyapur,Telugu,20:10,Executive,150₹,344,0
Telangana,Hyderabad,PvrNextGalleriaMallPanjagutta,Telugu,20:15,Classic,150₹,181,43
Telangana,Hyderabad,PvrNextGalleriaMallPanjagutta,Telugu,20:15,Recliner,250₹,9,8
Telangana,Hyderabad,PvrIrrumManzilKhairatabad,Telugu,20:15,Classic,150₹,132,27
Telangana,Hyderabad,PvrIrrumManzilKhairatabad,Telugu,20:15,Recliner,250₹,8,8
Telangana,Hyderabad,CinepolisMantraMallUpparpally,Telugu,20:20,Normal,150₹,195,4
Telangana,Hyderabad,CinepolisMantraMallUpparpally,Telugu,20:20,Vip,250₹,9,6
AndhraPradesh,Vizag,InoxVarunBeachMaharanipet,Telugu,20:20,Excutive,177₹,137,37
AndhraPradesh,Vijayawada,CapitalCinemasTrendsetMallKalaNagar,Telugu,20:30,Gold,295₹,17,4
AndhraPradesh,Vijayawada,CapitalCinemasTrendsetMallKalaNagar,Telugu,20:30,Executive,177₹,368,4
Orissa,Jeypore,SrNovoCinemaJeypore,Telugu,21:00,Luxury,200₹,40,0
Orissa,Jeypore,SrNovoCinemaJeypore,Telugu,21:00,Platinum,150₹,105,0
Orissa,Jeypore,SrNovoCinemaJeypore,Telugu,21:00,Gold,120₹,50,0
AndhraPradesh,Tiruvuru,SriSriKrishnaPicturePlace,Telugu,21:00,ReservedClass,100₹,259,20
AndhraPradesh,Tiruvuru,SriSriKrishnaPicturePlace,Telugu,21:00,FirstClass,80₹,65,0
AndhraPradesh,Vizag,SriLakshminarasimhaPicturePalace104Area,Telugu,21:00,Premium,145₹,162,108
AndhraPradesh,Vizag,SriLakshminarasimhaPicturePalace104Area,Telugu,21:00,NonPremium,100₹,63,63
AndhraPradesh,Vizag,ShankaraSatyamPicturePalaceGopalapatnam,Telugu,21:00,Balcony,112₹,208,186
AndhraPradesh,Vizag,ShankaraSatyamPicturePalaceGopalapatnam,Telugu,21:00,FirstClass,70₹,25,24
AndhraPradesh,Vizag,ShankaraSatyamPicturePalaceGopalapatnam,Telugu,21:00,SecondClass,40₹,65,64
AndhraPradesh,Kaikalur,G3TheatresSriVijayalakshmi,Telugu,21:00,Box,100₹,16,15
AndhraPradesh,Kaikalur,G3TheatresSriVijayalakshmi,Telugu,21:00,Sofa,100₹,35,34
AndhraPradesh,Kaikalur,G3TheatresSriVijayalakshmi,Telugu,21:00,FirstClass,100₹,194,113
AndhraPradesh,Kaikalur,G3TheatresSriVijayalakshmi,Telugu,21:00,SecondClass,78₹,72,71
AndhraPradesh,Tadepalligudem,G3LakshmiNarayanaTheatresSavitrupet,Telugu,21:00,Recilnear,295₹,14,14
AndhraPradesh,Tadepalligudem,G3LakshmiNarayanaTheatresSavitrupet,Telugu,21:00,Premium,112₹,311,155
AndhraPradesh,Tadepalligudem,G3LakshmiNarayanaTheatresSavitrupet,Telugu,21:00,NonPremium,90₹,108,108
Telangana,Choutuppal,SrinivasaTheatreChoutuppal,Telugu,21:00,ABox,110₹,26,26
Telangana,Choutuppal,SrinivasaTheatreChoutuppal,Telugu,21:00,BBox,110₹,22,0
Telangana,Choutuppal,SrinivasaTheatreChoutuppal,Telugu,21:00,Balcony,110₹,453,0
AndhraPradesh,Madanapalle,MiniSiddarthaTheatreACKrishnaNagar,Telugu,21:00,Reserved,110₹,210,0
AndhraPradesh,Madanapalle,MiniSiddarthaTheatreACKrishnaNagar,Telugu,21:00,First,110₹,103,0
AndhraPradesh,Madanapalle,MiniSiddarthaTheatreACKrishnaNagar,Telugu,21:00,Second,80₹,95,0
Telangana,Jangaon,SvcDeviJangaon,Telugu,21:00,Balcony,110₹,478,186
Telangana,Jangaon,SvcDeviJangaon,Telugu,21:00,FirstClass,80₹,77,77
AndhraPradesh,Vizag,SriLakshminarasimhaPicturePalace104Area,Telugu,21:00,Premium,145₹,162,108
AndhraPradesh,Vizag,SriLakshminarasimhaPicturePalace104Area,Telugu,21:00,NonPremium,100₹,63,63
AndhraPradesh,Jaggampeta,SriRajaveni,Telugu,21:00,FirstClass,100₹,266,66
AndhraPradesh,Jaggampeta,SriRajaveni,Telugu,21:00,SecondClass,100₹,60,59
AndhraPradesh,Jaggampeta,SriRajaveni,Telugu,21:00,ThirdClass,100₹,78,77
AndhraPradesh,Peddapuram,LalithaSriLalithaTheatrePeddapuram,Telugu,21:00,FirstClass,100₹,196,76
AndhraPradesh,Peddapuram,LalithaSriLalithaTheatrePeddapuram,Telugu,21:00,SecondClass,75₹,50,49
Telangana,Hyderabad,SangeethaTheatreRcPuramFormerlySvcSangeetha,Telugu,21:00,Platinum,110₹,486,55
Telangana,Hyderabad,SangeethaTheatreRcPuramFormerlySvcSangeetha,Telugu,21:00,Gold,80₹,52,0
Telangana,Hyderabad,SangeethaTheatreRcPuramFormerlySvcSangeetha,Telugu,21:00,Silver,50₹,154,154
AndhraPradesh,Tanuku,SriVenkateswaraComplex,Telugu,21:00,Recliner,0₹,12,11
AndhraPradesh,Tanuku,SriVenkateswaraComplex,Telugu,21:00,Sofa,0₹,54,53
AndhraPradesh,Tanuku,SriVenkateswaraComplex,Telugu,21:00,Balcony,0₹,270,72
AndhraPradesh,Tanuku,SriVenkateswaraComplex,Telugu,21:00,ThirdClass,0₹,88,87
AndhraPradesh,Ramachandrapuram,SuryaCinemaxRamachandrapuram,Telugu,21:15,FirstClass,110₹,194,18
AndhraPradesh,Ramachandrapuram,SuryaCinemaxRamachandrapuram,Telugu,21:15,SecondClass,110₹,64,0
AndhraPradesh,Rajam,SvcApsaraPicturePalacePalakondaRoad,Telugu,21:15,Balcony,110₹,250,0
AndhraPradesh,Rajam,SvcApsaraPicturePalacePalakondaRoad,Telugu,21:15,SecondClass,90₹,106,0
Telangana,Hyderabad,Sampurna70Mm2KDolbyDigitalVanasthalipuram,Telugu,21:15,Balcony,150₹,253,114
Telangana,Hyderabad,Sampurna70Mm2KDolbyDigitalVanasthalipuram,Telugu,21:15,DressCircle,110₹,300,150
Telangana,Hyderabad,Sampurna70Mm2KDolbyDigitalVanasthalipuram,Telugu,21:15,FirstClass,80₹,95,95
Telangana,Hyderabad,Sampurna70Mm2KDolbyDigitalVanasthalipuram,Telugu,21:15,LowerClass,50₹,187,187
Telangana,Hyderabad,SreeRamanaGold4KDolby71Amberpet,Telugu,21:15,Balcony,110₹,410,128
Telangana,Hyderabad,SreeRamanaGold4KDolby71Amberpet,Telugu,21:15,DressCircle,80₹,245,45
Telangana,Hyderabad,SreeRamanaGold4KDolby71Amberpet,Telugu,21:15,ThirdClass,50₹,165,165
AndhraPradesh,Kovvur,DeviShreeGayatriKovvur,Telugu,21:15,FirstClass,112₹,272,133
AndhraPradesh,Kovvur,DeviShreeGayatriKovvur,Telugu,21:15,SecondClass,70₹,98,74
Telangana,Nizamabad,SvcVijayTheatreNizamabad,Telugu,21:15,Platinum,110₹,476,84
Telangana,Nizamabad,SvcVijayTheatreNizamabad,Telugu,21:15,Gold,80₹,20,20
Telangana,Nizamabad,SvcVijayTheatreNizamabad,Telugu,21:15,Silver,50₹,125,0
AndhraPradesh,Mylavaram,SangaMitraTheatreMylavaram,Telugu,21:15,ReservedClass,100₹,92,12
AndhraPradesh,Mylavaram,SangaMitraTheatreMylavaram,Telugu,21:15,SecondClass,60₹,20,20
AndhraPradesh,Kankipadu,SriRamaChandraTheatreKankipadu,Telugu,21:15,Premium,80₹,292,48
AndhraPradesh,Kankipadu,SriRamaChandraTheatreKankipadu,Telugu,21:15,NonPremium,60₹,110,88
Telangana,Nirmal,TirumalaTheater70MmNirmal,Telugu,21:15,Balcony,110₹,417,199
Telangana,Nirmal,TirumalaTheater70MmNirmal,Telugu,21:15,FirstClass,80₹,211,116
AndhraPradesh,Ganapavaram,KumariPicturePalaceACDtsJagannadhapuram,Telugu,21:15,SofaClass,150₹,230,156
AndhraPradesh,Ganapavaram,KumariPicturePalaceACDtsJagannadhapuram,Telugu,21:15,FirstClass,120₹,0,0
AndhraPradesh,Bhimavaram,NatarajTheatre2KACDtsBalusumoodi,Telugu,21:15,FirstClass,120₹,220,20
AndhraPradesh,Bhimavaram,NatarajTheatre2KACDtsBalusumoodi,Telugu,21:15,SecondClass,80₹,40,0
AndhraPradesh,Bhimavaram,NatarajTheatre2KACDtsBalusumoodi,Telugu,21:15,ThirdClass,50₹,80,80
AndhraPradesh,PalasaKasibugga,BhaskaraRamaACDtsKasibugga,Telugu,21:15,Premium,100₹,343,0
AndhraPradesh,PalasaKasibugga,BhaskaraRamaACDtsKasibugga,Telugu,21:15,NonPremium,80₹,147,147
AndhraPradesh,Gokavaram,TdCinemax,Telugu,21:15,FirstClass,100₹,296,212
AndhraPradesh,Gokavaram,TdCinemax,Telugu,21:15,SecondClass,100₹,103,102
Telangana,Nalgonda,PvnCinemax,Telugu,21:15,1Balcony,110₹,473,93
Telangana,Nalgonda,PvnCinemax,Telugu,21:15,2SecondClass,80₹,131,5
Telangana,Nalgonda,PvnCinemax,Telugu,21:15,3ThirdClass,50₹,163,64
AndhraPradesh,Akividu,G3TheatresGangaratnam,Telugu,21:15,Sofa,150₹,84,83
AndhraPradesh,Akividu,G3TheatresGangaratnam,Telugu,21:15,1stClass,100₹,200,40
AndhraPradesh,Akividu,G3TheatresGangaratnam,Telugu,21:15,2ndClass,80₹,58,18
AndhraPradesh,Akividu,G3TheatresGangaratnam,Telugu,21:15,3rdClass,50₹,40,39
Telangana,Secunderabad,TalluriTheatresKushaiguda,Telugu,21:15,Gold,150₹,288,216
Telangana,Secunderabad,TalluriTheatresKushaiguda,Telugu,21:15,Silver,75₹,72,48
AndhraPradesh,Nandigama,G3TheatresMayuri,Telugu,21:15,FirstClass,0₹,248,92
AndhraPradesh,Nandigama,G3TheatresMayuri,Telugu,21:15,SecondClass,0₹,20,19
AndhraPradesh,Nandigama,G3TheatresMayuri,Telugu,21:15,ThirdClass,0₹,56,55
AndhraPradesh,Malikipuram,VenkataNarayanaPicturePalace,Telugu,21:20,FirstClass,100₹,276,24
AndhraPradesh,Malikipuram,VenkataNarayanaPicturePalace,Telugu,21:20,SecondClass,80₹,76,75
Telangana,Hyderabad,InoxSattvaNecklaceMallKavadiguda,Telugu,21:30,Executive,150₹,203,30
Telangana,Hyderabad,InoxSattvaNecklaceMallKavadiguda,Telugu,21:30,Royal,250₹,11,10
AndhraPradesh,Bapatla,VCelluloidsSrinivasaMahalBapatla,Telugu,21:30,Gold,110₹,262,0
AndhraPradesh,Bapatla,VCelluloidsSrinivasaMahalBapatla,Telugu,21:30,Executive,110₹,82,0
AndhraPradesh,Payakaraopeta,SvcSriLaxmiPayakaraopeta,Telugu,21:30,FirstClass,100₹,414,66
AndhraPradesh,Payakaraopeta,SvcSriLaxmiPayakaraopeta,Telugu,21:30,ThirdClass,78₹,134,0
AndhraPradesh,Vuyyuru,G3TheatresSrinivasaVuyyuru,Telugu,21:30,1Premium,100₹,293,75
AndhraPradesh,Vuyyuru,G3TheatresSrinivasaVuyyuru,Telugu,21:30,2NonPremium,78₹,90,89
AndhraPradesh,Cheepurupalli,SvcVamsiVishnuVaibhavTheatres,Telugu,21:30,Premium,100₹,206,51
AndhraPradesh,Cheepurupalli,SvcVamsiVishnuVaibhavTheatres,Telugu,21:30,NonPremium,100₹,116,0
AndhraPradesh,Bobbili,SvcTbrCinemasBobbili,Telugu,21:30,Platinum,112₹,294,0
AndhraPradesh,Bobbili,SvcTbrCinemasBobbili,Telugu,21:30,Silver,90₹,103,0
AndhraPradesh,Anantapur,GowriComplexOldTown,Telugu,21:30,Platinum,110₹,297,0
AndhraPradesh,Anantapur,GowriComplexOldTown,Telugu,21:30,Gold,80₹,197,62
AndhraPradesh,Parvathipuram,SvcTbrCinemasParvathipuram,Telugu,21:30,PremiumClass,100₹,297,34
AndhraPradesh,Parvathipuram,SvcTbrCinemasParvathipuram,Telugu,21:30,NonPremium,80₹,95,0
AndhraPradesh,Tekkali,BhavaniTheatreTekkali,Telugu,21:30,FirstClass,100₹,146,0
AndhraPradesh,Tekkali,BhavaniTheatreTekkali,Telugu,21:30,SecondClass,80₹,48,48
AndhraPradesh,Mandapeta,SapthagiriComplexACDtsSatyasriRoad,Telugu,21:30,DressCircle,110₹,19,19
AndhraPradesh,Mandapeta,SapthagiriComplexACDtsSatyasriRoad,Telugu,21:30,FirstClass,110₹,153,2
AndhraPradesh,Mandapeta,SapthagiriComplexACDtsSatyasriRoad,Telugu,21:30,SecondClass,70₹,50,33
AndhraPradesh,Pileru,SvMahalPileruPiler,Telugu,21:30,Platinum,100₹,224,36
AndhraPradesh,Pileru,SvMahalPileruPiler,Telugu,21:30,Gold,100₹,64,64
AndhraPradesh,Repalle,VCelluloidsSriBasaveswaraChitralayaRepalle,Telugu,21:30,Gold,110₹,244,0
AndhraPradesh,Repalle,VCelluloidsSriBasaveswaraChitralayaRepalle,Telugu,21:30,Elite,110₹,40,0
AndhraPradesh,Adoni,SaiBabaTheatreHbgNagar,Telugu,21:30,FirstClass,110₹,169,0
AndhraPradesh,Adoni,SaiBabaTheatreHbgNagar,Telugu,21:30,SecondClass,90₹,149,53
AndhraPradesh,Vizag,SriJayaTheatreAcDtsKothavalasa,Telugu,21:30,Premium,100₹,323,183
AndhraPradesh,Vizag,SriJayaTheatreAcDtsKothavalasa,Telugu,21:30,Premium1,100₹,13,2
AndhraPradesh,Vizag,SriJayaTheatreAcDtsKothavalasa,Telugu,21:30,NonPremium,70₹,123,122
AndhraPradesh,Chirala,VcelluloidSanthiWoodNagarColony,Telugu,21:30,Gold,110₹,299,49
AndhraPradesh,Chirala,VcelluloidSanthiWoodNagarColony,Telugu,21:30,Silver,110₹,57,0
AndhraPradesh,Palakonda,SunCinemaxAcDtsVenkataGouriPalakonda,Telugu,21:30,Premium,100₹,122,34
AndhraPradesh,Rajampet,SaiCinemasBsTheatreRajampet,Telugu,21:30,Balcony,150₹,70,70
AndhraPradesh,Rajampet,SaiCinemasBsTheatreRajampet,Telugu,21:30,Couples,150₹,38,38
AndhraPradesh,Rajampet,SaiCinemasBsTheatreRajampet,Telugu,21:30,FirstClass,100₹,205,56
AndhraPradesh,Rajampet,SaiCinemasBsTheatreRajampet,Telugu,21:30,SecondClass,100₹,94,94
Telangana,Mahabubabad,SvcSuryaKalamandir4KACDtsYellunduRoad,Telugu,21:30,FirstClass,110₹,398,23
Telangana,Mahabubabad,SvcSuryaKalamandir4KACDtsYellunduRoad,Telugu,21:30,SecondClass,80₹,138,29
AndhraPradesh,Dowlaiswaram,GeethaApsaraTheatreMangalavaripeta,Telugu,21:30,Premium,112₹,455,113
AndhraPradesh,Dowlaiswaram,GeethaApsaraTheatreMangalavaripeta,Telugu,21:30,NonPremium,75₹,158,157
Telangana,Nakrekal,SriVenkateswaraTheatre70MmAc,Telugu,21:30,Balcony,100₹,262,203
Telangana,Nakrekal,SriVenkateswaraTheatre70MmAc,Telugu,21:30,ReservedClass,70₹,347,346
Telangana,Nakrekal,SriVenkateswaraTheatre70MmAc,Telugu,21:30,FirsClasss,50₹,103,102
Telangana,Godavarikhani,SrinivasaTheatreGodavarikhani,Telugu,21:30,Coupleseats,110₹,24,24
Telangana,Godavarikhani,SrinivasaTheatreGodavarikhani,Telugu,21:30,Balcony,110₹,453,381
AndhraPradesh,Vizag,StblCineWorldMadhurawada,Telugu,21:30,Recliners,250₹,13,12
AndhraPradesh,Vizag,StblCineWorldMadhurawada,Telugu,21:30,Premium,145₹,330,0
AndhraPradesh,Vizag,StblCineWorldMadhurawada,Telugu,21:30,Executive,100₹,97,0
AndhraPradesh,Anakapalle,SriSairamMovieLandLibraryRoadCartStandRoad,Telugu,21:30,Premium,112₹,279,47
AndhraPradesh,Anakapalle,SriSairamMovieLandLibraryRoadCartStandRoad,Telugu,21:30,Premium,112₹,67,0
AndhraPradesh,Anakapalle,SriSairamMovieLandLibraryRoadCartStandRoad,Telugu,21:30,NonPremium,70₹,94,0
AndhraPradesh,Machilipatnam,G3TheatresRobertsonpeta,Telugu,21:30,PremiumClass,112₹,281,38
AndhraPradesh,Machilipatnam,G3TheatresRobertsonpeta,Telugu,21:30,NonPremium,112₹,93,0
Telangana,Khammam,SvcSriTirumalaTheatre2KDolbyAtmosKhammam,Telugu,21:30,Balcony,110₹,434,64
Telangana,Khammam,SvcSriTirumalaTheatre2KDolbyAtmosKhammam,Telugu,21:30,SecondCalss,80₹,236,0
Telangana,Khammam,SvcSriTirumalaTheatre2KDolbyAtmosKhammam,Telugu,21:30,ThhirdClass,50₹,181,0
AndhraPradesh,Narasannapeta,SriVenkateswaraMahal,Telugu,21:30,1Premium,100₹,194,50
Telangana,Hyderabad,MirajCinemasCineTownMiyapur,Telugu,21:30,Executivep,150₹,336,0
Telangana,Hyderabad,MirajCinemasCineTownMiyapur,Telugu,21:30,Gold,235₹,22,9
Telangana,Hyderabad,MirajCinemasCineTownMiyapur,Telugu,21:30,Executive,150₹,344,33
AndhraPradesh,Vizag,SreeKanyaTheatreRailwayNewColony,Telugu,21:30,Premium,145₹,441,27
AndhraPradesh,Vizag,SreeKanyaTheatreRailwayNewColony,Telugu,21:30,NonPremium,100₹,155,0
AndhraPradesh,Macherla,NagarjunaKalamandir,Telugu,21:30,AClass,100₹,56,0
AndhraPradesh,Macherla,NagarjunaKalamandir,Telugu,21:30,BClass,100₹,127,0
AndhraPradesh,Macherla,NagarjunaKalamandir,Telugu,21:30,CClass,70₹,138,0
AndhraPradesh,Macherla,NagarjunaKalamandir,Telugu,21:30,DClass,50₹,100,0
AndhraPradesh,Eluru,AmbicaComplexEluru,Telugu,21:30,Recliners,250₹,23,6
AndhraPradesh,Eluru,AmbicaComplexEluru,Telugu,21:30,FirstClass,110₹,207,72
AndhraPradesh,Eluru,AmbicaComplexEluru,Telugu,21:30,SecondClass,70₹,70,69
AndhraPradesh,Eluru,AmbicaComplexEluru,Telugu,21:30,ThirdClass,50₹,66,65
AndhraPradesh,Addanki,VCelluloidsSatyanarayanaKalamandirNspColony,Telugu,21:30,GoldClass,110₹,180,20
AndhraPradesh,Addanki,VCelluloidsSatyanarayanaKalamandirNspColony,Telugu,21:30,ExecutiveClass,70₹,40,0
AndhraPradesh,Kakinada,PadmapriyaSripriyaComplexKondayyaPalem,Telugu,21:30,Diplomat,112₹,254,75
AndhraPradesh,Kakinada,PadmapriyaSripriyaComplexKondayyaPalem,Telugu,21:30,FirstClass,75₹,16,0
AndhraPradesh,Kakinada,PadmapriyaSripriyaComplexKondayyaPalem,Telugu,21:30,FirstClass1,75₹,70,0
AndhraPradesh,Vizag,SvcCinemasGokulAC2KDolbyAllipuram,Telugu,21:30,FirstClass,170₹,352,0
AndhraPradesh,Vizag,SvcCinemasGokulAC2KDolbyAllipuram,Telugu,21:30,SecondClass,140₹,126,22
AndhraPradesh,Chebrolu,VigneswaraPalaceChebrolu,Telugu,21:30,Boxb,100₹,24,24
AndhraPradesh,Chebrolu,VigneswaraPalaceChebrolu,Telugu,21:30,Boxa,100₹,24,24
AndhraPradesh,Chebrolu,VigneswaraPalaceChebrolu,Telugu,21:30,FristClass,100₹,150,36
AndhraPradesh,Chebrolu,VigneswaraPalaceChebrolu,Telugu,21:30,SecondClass,78₹,60,0
AndhraPradesh,Guntur,VCelluloidBhaskarCinemasKothapet,Telugu,21:35,Gold,110₹,248,125
AndhraPradesh,Guntur,VCelluloidBhaskarCinemasKothapet,Telugu,21:35,Silver,80₹,64,34
AndhraPradesh,Guntur,VCelluloidBhaskarCinemasKothapet,Telugu,21:35,Executive,80₹,48,16
Assam,Guwahati,PvrCityCentreGuwahati,Telugu,21:35,Classic,160₹,40,0
Assam,Guwahati,PvrCityCentreGuwahati,Telugu,21:35,Prime,180₹,82,14
Assam,Guwahati,PvrCityCentreGuwahati,Telugu,21:35,PrimePlus,200₹,13,0
AndhraPradesh,Guntur,JleCinemasGuntur,Telugu,21:35,Elite,295₹,17,0
AndhraPradesh,Guntur,JleCinemasGuntur,Telugu,21:35,Gold,177₹,123,2
TamilNadu,Chennai,CinepolisBsrMallOmrThoraipakkam,Telugu,21:40,Normal,60₹,17,17
TamilNadu,Chennai,CinepolisBsrMallOmrThoraipakkam,Telugu,21:40,Executive,190₹,163,2
Telangana,Hyderabad,CinepolisDslVirtueMallUppal,Telugu,21:40,Normal,150₹,35,0
Telangana,Hyderabad,CinepolisDslVirtueMallUppal,Telugu,21:40,Executive,150₹,159,42
Telangana,Hyderabad,CinepolisDslVirtueMallUppal,Telugu,21:40,Vip,250₹,7,6
AndhraPradesh,Tenali,VCelluloidsLakshmiComplex,Telugu,21:40,Gold,150₹,204,17
AndhraPradesh,Tenali,VCelluloidsLakshmiComplex,Telugu,21:40,Silver,70₹,60,0
AndhraPradesh,Guntur,VCelluloidBhaskarCinemasKothapet,Telugu,21:40,Platinum,295₹,42,22
AndhraPradesh,Guntur,VCelluloidBhaskarCinemasKothapet,Telugu,21:40,Gold,110₹,611,324
AndhraPradesh,Guntur,VCelluloidBhaskarCinemasKothapet,Telugu,21:40,Silver,80₹,115,52
AndhraPradesh,Guntur,VCelluloidBhaskarCinemasKothapet,Telugu,21:40,Executive,80₹,92,46
AndhraPradesh,Narasaraopet,VCelluloidsVijethaDeluxNarasaraopet,Telugu,21:45,Gold,110₹,320,80
AndhraPradesh,Narasaraopet,VCelluloidsVijethaDeluxNarasaraopet,Telugu,21:45,Elite,110₹,41,0
AndhraPradesh,Pithapuram,SriSatyaTheatreACDtsVeeraraghavapuram,Telugu,21:45,FirstClass,100₹,249,101
AndhraPradesh,Ponduru,KalanjaliTheatre2KACDolby71Ponduru,Telugu,21:45,FirstClass,100₹,287,0
AndhraPradesh,Ponduru,KalanjaliTheatre2KACDolby71Ponduru,Telugu,21:45,SecondClass,70₹,87,87
AndhraPradesh,Srikakulam,SvcRamalakshmanaSrikakulam,Telugu,21:45,PremiumCl,140₹,550,5
AndhraPradesh,Srikakulam,SvcRamalakshmanaSrikakulam,Telugu,21:45,NonPremiumCl,70₹,200,2
Karnataka,Bengaluru,SriVinayakaChitramandiraMarathalli,Telugu,21:45,Diamond,150₹,195,67
Karnataka,Bengaluru,SriVinayakaChitramandiraMarathalli,Telugu,21:45,Gold,100₹,240,42
Karnataka,Bengaluru,SriVinayakaChitramandiraMarathalli,Telugu,21:45,Silver,90₹,120,0
AndhraPradesh,Chilakaluripet,VCelluloidsKRComplexChilakaluripet,Telugu,21:45,Gold,110₹,95,0
AndhraPradesh,Chilakaluripet,VCelluloidsKRComplexChilakaluripet,Telugu,21:45,Elite,70₹,32,0
AndhraPradesh,Bhimavaram,AvgCinemasGeethaMultiplex4KDolbyAtmos,Telugu,21:45,Gold,150₹,224,25
AndhraPradesh,Vijayawada,InoxLailaMallMGRoad,Telugu,21:50,Club,177₹,282,13
AndhraPradesh,Vijayawada,InoxLailaMallMGRoad,Telugu,21:50,Royal,295₹,26,18
AndhraPradesh,Narsipatnam,PvrSreekanyaNarsipatnam,Telugu,22:00,Classic,60₹,42,2
AndhraPradesh,Narsipatnam,PvrSreekanyaNarsipatnam,Telugu,22:00,ClassicPlus,150₹,252,28
Telangana,Hyderabad,CinepolisCcplMallMalkajgiri,Telugu,22:00,Executive,150₹,147,20
AndhraPradesh,Vijayawada,MirajShantiPrashantiCinemasVijayawada,Telugu,22:00,Balcony,177₹,18,0
AndhraPradesh,Vijayawada,MirajShantiPrashantiCinemasVijayawada,Telugu,22:00,FirstClass,177₹,273,0
AndhraPradesh,Venkatagiri,K3KSriBrahmarambaJyothiMahalTheatre,Telugu,22:00,Platinum,112₹,290,0
AndhraPradesh,Venkatagiri,K3KSriBrahmarambaJyothiMahalTheatre,Telugu,22:00,Gold,90₹,44,0
AndhraPradesh,Kurnool,VMegaAnandCineComplexKurnool,Telugu,22:00,Platinum,148₹,13,13
AndhraPradesh,Kurnool,VMegaAnandCineComplexKurnool,Telugu,22:00,Gold,148₹,190,26
AndhraPradesh,Kurnool,VMegaAnandCineComplexKurnool,Telugu,22:00,Executive,112₹,48,0
AndhraPradesh,Vizag,JagadambaComplexRamaDevi,Telugu,22:00,PremiumClass,140₹,163,147
AndhraPradesh,Vizag,JagadambaComplexRamaDevi,Telugu,22:00,NonPremiumClass,140₹,115,115
AndhraPradesh,Vijayawada,CinepolisPvpSquareVijayawada,Telugu,22:00,Normal,177₹,265,30
AndhraPradesh,Vijayawada,CinepolisPvpSquareVijayawada,Telugu,22:00,Vip,295₹,6,5
AndhraPradesh,Vijayawada,G3TheatresRajYuvraj,Telugu,22:00,Recliner,295₹,27,15
AndhraPradesh,Vijayawada,G3TheatresRajYuvraj,Telugu,22:00,Gold,150₹,293,73
AndhraPradesh,Vizag,JagadambaComplex,Telugu,22:00,Premium,140₹,163,104
AndhraPradesh,Vizag,JagadambaComplex,Telugu,22:00,NonPremium,70₹,39,0
AndhraPradesh,Vizag,JagadambaComplex,Telugu,22:00,NonPremium,70₹,76,75
Telangana,Hyderabad,InoxMaheshwariParmeshwariMallKachiguda,Telugu,22:00,Executive,150₹,149,12
AndhraPradesh,Chimakurthy,K3KCinemasChimakurthy,Telugu,22:00,Gold,150₹,296,152
AndhraPradesh,Chimakurthy,K3KCinemasChimakurthy,Telugu,22:00,Silver,90₹,85,36
Telangana,Hyderabad,MirajCinemasRaghavendraHyderabad,Telugu,22:00,Executivep,175₹,262,2
Telangana,Hyderabad,MirajCinemasRaghavendraHyderabad,Telugu,22:00,Gold,235₹,12,4
AndhraPradesh,Kavali,VenkateswaraTheatreVaddiPalem,Telugu,22:00,Platinum,112₹,314,0
AndhraPradesh,Kavali,VenkateswaraTheatreVaddiPalem,Telugu,22:00,Gold,90₹,22,0
TamilNadu,Chennai,SpiPalazzoNexusVijayaMallVadapalaniChennai,Telugu,22:10,Elite,175₹,216,57
TamilNadu,Chennai,SpiPalazzoNexusVijayaMallVadapalaniChennai,Telugu,22:10,Budget,63₹,28,28
AndhraPradesh,Kakinada,SpAnandCinemasKakinada,Telugu,22:10,Reclinear,295₹,19,8
AndhraPradesh,Kakinada,SpAnandCinemasKakinada,Telugu,22:10,PremiumClass,148₹,296,30
Telangana,Hyderabad,MirajShaliniShivaniCinemasKothapet,Telugu,22:10,Executive,150₹,130,11
AndhraPradesh,Vizianagaram,SvcRanjaniAndShivaranjaniJonnaguddiArea,Telugu,22:15,Gold,177₹,189,4
AndhraPradesh,Vizianagaram,SvcRanjaniAndShivaranjaniJonnaguddiArea,Telugu,22:15,Silver,112₹,62,0
AndhraPradesh,Guntur,VCelluloidPlatenoCinemasVidyanagar,Telugu,22:15,PlatinumClass,295₹,16,2
AndhraPradesh,Guntur,VCelluloidPlatenoCinemasVidyanagar,Telugu,22:15,GoldClass,150₹,223,10
AndhraPradesh,Vijayawada,InoxUrvasiComplexGandhiNagar,Telugu,22:20,Club,177₹,266,5
Telangana,Hyderabad,PvrPrestonPrimeGachibowli,Telugu,22:20,Classic,150₹,217,115
Telangana,Hyderabad,JpCinemasChandanagarHyderabad,Telugu,22:20,Sofa,200₹,15,10
Telangana,Hyderabad,JpCinemasChandanagarHyderabad,Telugu,22:20,Gold,150₹,204,120
AndhraPradesh,Vizag,InoxCmrCentralMaddilapalem,Telugu,22:20,Executive,177₹,224,65
Telangana,Hyderabad,PvrNexusMallFormerlyForumSujanaKukatpallyHyderabad,Telugu,22:20,Classic,150₹,232,97
Telangana,Hyderabad,PvrNexusMallFormerlyForumSujanaKukatpallyHyderabad,Telugu,22:20,Recliner,250₹,12,12
Telangana,Hyderabad,MirajCinemasGeetaChandanagar,Telugu,22:30,Executive,150₹,292,8
Telangana,Hyderabad,MirajCinemasGeetaChandanagar,Telugu,22:30,Gold,250₹,32,7
AndhraPradesh,Vizianagaram,InoxNcsMallBochuPeta,Telugu,22:30,Exclusive,177₹,240,28
Telangana,Karimnagar,PrathimaMultiplex,Telugu,22:30,FirstClass,200₹,12,12
Telangana,Karimnagar,PrathimaMultiplex,Telugu,22:30,SecondClass,150₹,220,2
Telangana,Karimnagar,PrathimaMultiplex,Telugu,22:30,LastClass,112₹,80,0
Telangana,Hyderabad,PlatinumMovieTimeCinemasAmeerpet,Telugu,22:35,SilverClass,150₹,357,2
Telangana,Hyderabad,CinepolisSudhaCinemasRajpalNagar,Telugu,22:35,Executive,150₹,71,24
Telangana,Hyderabad,CinepolisSudhaCinemasRajpalNagar,Telugu,22:35,Normal,150₹,51,0
Telangana,Hyderabad,PvrIconHitechMadhapur,Telugu,22:40,Classic,150₹,143,55
TamilNadu,Chennai,InoxTheMarinaMallOmrEgatoor,Telugu,22:40,Club,202₹,126,23
TamilNadu,Chennai,InoxTheMarinaMallOmrEgatoor,Telugu,22:40,Executive,63₹,16,16
Telangana,Hyderabad,PvrMallapurHyderabad,Telugu,22:40,Classic,150₹,201,23
AndhraPradesh,Vijayawada,PvrRipplesMallVijaywada,Telugu,22:40,Classic,177₹,167,20
AndhraPradesh,Vijayawada,PvrRipplesMallVijaywada,Telugu,22:40,Recliner,295₹,13,5
Telangana,Hyderabad,PvrMusarambaghNewMalakpet,Telugu,22:40,Classic,150₹,150,25
Telangana,Warangal,PvrMaddoxWarangal,Telugu,22:40,Classic,150₹,253,25
Telangana,Hyderabad,PvrPanjagutta,Telugu,22:40,Classic,150₹,217,35
Telangana,Hyderabad,PvrPanjagutta,Telugu,22:40,Recliner,250₹,17,17
Telangana,Nizamabad,PvrVenuMallNizamabad,Telugu,22:40,Classic,150₹,362,27
Telangana,Nizamabad,PvrVenuMallNizamabad,Telugu,22:40,Recliner,250₹,13,0
AndhraPradesh,Vizag,CinepolisSreekanyaCineglitzMadhurwada,Telugu,22:45,Normal,177₹,35,0
AndhraPradesh,Vizag,CinepolisSreekanyaCineglitzMadhurwada,Telugu,22:45,Executive,177₹,176,22
Telangana,Hyderabad,PvrRkCineplexBanjaraHills,Telugu,22:50,Classic,150₹,228,8
Telangana,Hyderabad,PvrRkCineplexBanjaraHills,Telugu,22:50,Recliner,250₹,22,22
Telangana,Hyderabad,PvrInorbitCyberabad,Telugu,22:50,Classic,150₹,161,29
Telangana,Hyderabad,MirajCinemasCineTownMiyapur,Telugu,22:50,Executivep,150₹,336,0
Telangana,Hyderabad,MirajCinemasCineTownMiyapur,Telugu,22:50,Gold,235₹,22,0
Telangana,Hyderabad,MirajCinemasCineTownMiyapur,Telugu,22:50,Executive,150₹,344,0
Telangana,Hyderabad,PlatinumMovietimeCinemasGachibowliSlnTerminus,Telugu,22:55,PlatinumRecliners,350₹,24,7
Telangana,Hyderabad,PlatinumMovietimeCinemasGachibowliSlnTerminus,Telugu,22:55,PlatinumPremiumRecliner,350₹,15,12
Telangana,Hyderabad,PvrNextGalleriaMallPanjagutta,Telugu,22:55,Classic,150₹,181,66
Telangana,Hyderabad,PvrNextGalleriaMallPanjagutta,Telugu,22:55,Recliner,250₹,9,6
AndhraPradesh,Vijayawada,CapitalCinemasTrendsetMallKalaNagar,Telugu,22:55,Gold,295₹,17,2
AndhraPradesh,Vijayawada,CapitalCinemasTrendsetMallKalaNagar,Telugu,22:55,Executive,177₹,368,4
AndhraPradesh,Guntur,PvrGuntur,Telugu,23:00,Premium,295₹,13,4
AndhraPradesh,Guntur,PvrGuntur,Telugu,23:00,Deluxe,177₹,155,0
Telangana,Hyderabad,CinepolisMantraMallUpparpally,Telugu,23:00,Normal,150₹,195,9
Telangana,Hyderabad,CinepolisMantraMallUpparpally,Telugu,23:00,Vip,250₹,9,2
Telangana,Hyderabad,MovieMaxAmrEcilSecunderabad,Telugu,23:00,Recliner,300₹,12,0
Telangana,Hyderabad,MovieMaxAmrEcilSecunderabad,Telugu,23:00,Prime,180₹,134,23
Telangana,Hyderabad,MovieMaxAmrEcilSecunderabad,Telugu,23:00,Classic,110₹,36,1
AndhraPradesh,Vijayawada,CinepolisPowerOneMallBunderRoad,Telugu,23:00,Premium,147₹,73,23
AndhraPradesh,Vijayawada,CinepolisPowerOneMallBunderRoad,Telugu,23:00,Executive,147₹,62,0
AndhraPradesh,Vijayawada,CinepolisPowerOneMallBunderRoad,Telugu,23:00,Normal,147₹,28,0