City,Name,Language,Time,Type,Price,Capacity,Booked
Kolhapur,PvrDypCityMallKavalaNaka,Marathi,08:30,Prime,140₹,187,187
Kolhapur,PvrDypCityMallKavalaNaka,Marathi,08:30,Recliner,250₹,12,12
Kolhapur,PvrDypCityMallKavalaNaka,Marathi,08:30,Classic,140₹,48,48
Pune,CinepolisSeasonsMallHadapsar,Marathi,08:30,Normal,150₹,27,0
Pune,CinepolisSeasonsMallHadapsar,Marathi,08:30,Executive,150₹,92,24
Pune,CinepolisSeasonsMallHadapsar,Marathi,08:30,Premium,170₹,33,19
Pune,PvrMarketCityVimanNagar,Marathi,08:45,Recliner,350₹,12,0
Pune,PvrMarketCityVimanNagar,Marathi,08:45,PrimePlus,300₹,15,6
Pune,PvrMarketCityVimanNagar,Marathi,08:45,Prime,170₹,129,44
Pune,PvrMarketCityVimanNagar,Marathi,08:45,Classic,150₹,80,0
NaviMumbai,PvrOrionPanvel,Marathi,09:00,Classic,110₹,20,2
NaviMumbai,PvrOrionPanvel,Marathi,09:00,Prime,140₹,98,57
NaviMumbai,PvrOrionPanvel,Marathi,09:00,PrimePlus,180₹,27,19
Pune,PvrKumarPacificMallSwarGate,Marathi,09:00,Classic,160₹,24,0
Pune,PvrKumarPacificMallSwarGate,Marathi,09:00,Prime,160₹,192,120
Nashik,CinemaxCityCenterNasik,Marathi,09:00,Recliner,240₹,33,11
Nashik,CinemaxCityCenterNasik,Marathi,09:00,Prime,100₹,135,71
Nashik,CinemaxCityCenterNasik,Marathi,09:00,Classic,80₹,34,8
Ulhasnagar,MirajCinemasFuncityUlhasnagar,Marathi,09:00,Special,150₹,70,12
Pune,CinepolisSeasonsMallHadapsar,Marathi,09:00,Normal,150₹,29,0
Pune,CinepolisSeasonsMallHadapsar,Marathi,09:00,Executive,150₹,79,37
Pune,CinepolisSeasonsMallHadapsar,Marathi,09:00,Premium,170₹,30,22
Mumbai,PvrInfinitiMaladMumbai,Marathi,09:00,Prime,140₹,76,22
Nagpur,InoxJaswantTuliMallKampteeRoad,Marathi,09:00,Club,170₹,170,1
Nagpur,InoxJaswantTuliMallKampteeRoad,Marathi,09:00,Executive,130₹,53,0
Mumbai,CinepolisMagnetMallBhandupW,Marathi,09:15,Vip,200₹,12,6
Mumbai,CinepolisMagnetMallBhandupW,Marathi,09:15,Premium,130₹,46,13
Mumbai,CinepolisMagnetMallBhandupW,Marathi,09:15,Executive,130₹,34,3
Mumbai,CinepolisMagnetMallBhandupW,Marathi,09:15,Normal,130₹,26,0
Mumbai,CarnivalRMallMulundW,Marathi,09:15,SpecialOffline,100₹,40,0
Mumbai,CarnivalRMallMulundW,Marathi,09:15,SilverOffline,110₹,80,9
Mumbai,CarnivalRMallMulundW,Marathi,09:15,GoldOffline,140₹,140,7
Mumbai,CarnivalRMallMulundW,Marathi,09:15,ReclinerOffline,220₹,12,0
Pune,RajhansCinemas93AvenueMallFatimaNagar,Marathi,09:15,Marvel,110₹,36,0
Pune,RajhansCinemas93AvenueMallFatimaNagar,Marathi,09:15,Royal,110₹,76,31
Pune,RajhansCinemas93AvenueMallFatimaNagar,Marathi,09:15,Executive,110₹,132,125
Pune,RajhansCinemas93AvenueMallFatimaNagar,Marathi,09:15,Recliner,190₹,23,22
Thane,CinepolisVivianaMallThaneW,Marathi,09:15,Normal,180₹,31,0
Thane,CinepolisVivianaMallThaneW,Marathi,09:15,Executive,180₹,104,2
Thane,CinepolisVivianaMallThaneW,Marathi,09:15,Premium,210₹,52,19
Nagpur,CinepolisVrNagpurMall,Marathi,09:30,Vip,350₹,5,0
Nagpur,CinepolisVrNagpurMall,Marathi,09:30,Premium,180₹,64,2
Nagpur,CinepolisVrNagpurMall,Marathi,09:30,Executive,160₹,73,5
Nagpur,CinepolisVrNagpurMall,Marathi,09:30,Normal,140₹,29,0
Sawantwadi,AryaNovaCinemaz,Marathi,09:30,Vip,200₹,100,0
Sawantwadi,AryaNovaCinemaz,Marathi,09:30,Gold,170₹,100,0
Sawantwadi,AryaNovaCinemaz,Marathi,09:30,Silver,150₹,100,0
Shirur,DigiGoldNovaCinema,Marathi,09:30,Gold,150₹,100,0
Shirur,DigiGoldNovaCinema,Marathi,09:30,Silver,130₹,100,0
Lonavala,CineBlissNeelkamalCinemaLonavala,Marathi,09:30,Box,100₹,100,0
Lonavala,CineBlissNeelkamalCinemaLonavala,Marathi,09:30,Balcony,100₹,100,0
Lonavala,CineBlissNeelkamalCinemaLonavala,Marathi,09:30,Gold,100₹,100,0
Washim,H2MMovieplexPatniCommercial,Marathi,09:30,Gl,120₹,96,0
Washim,H2MMovieplexPatniCommercial,Marathi,09:30,Pl,150₹,60,2
Washim,H2MMovieplexPatniCommercial,Marathi,09:30,Sf,150₹,21,0
Washim,H2MMovieplexPatniCommercial,Marathi,09:30,Sl,80₹,52,0
Belagavi,CarnivalKapeelNucleusMall,Marathi,09:45,Platinum,110₹,276,2
Belagavi,CarnivalKapeelNucleusMall,Marathi,09:45,Gold,110₹,120,2
Belagavi,CarnivalKapeelNucleusMall,Marathi,09:45,Silver,110₹,72,0
Pune,CinepolisWestendMallAundh,Marathi,09:45,Normal,250₹,21,0
Pune,CinepolisWestendMallAundh,Marathi,09:45,Executive,250₹,72,23
Pune,CinepolisWestendMallAundh,Marathi,09:45,Premium,250₹,35,32
Pune,CarnivalCinemasSpineCityPuneSpineCityMall,Marathi,09:50,PlatinumOffline,120₹,80,79
Pune,CarnivalCinemasSpineCityPuneSpineCityMall,Marathi,09:50,GoldOffline,110₹,65,58
Pune,CarnivalCinemasSpineCityPuneSpineCityMall,Marathi,09:50,SilverOffline,100₹,48,12
Pune,CarnivalCinemasSpineCityPuneSpineCityMall,Marathi,09:50,ReclinerOffline,160₹,27,27
Mumbai,PvrXperiaPalavaDombivaliE,Marathi,10:00,Classic,130₹,36,0
Mumbai,PvrXperiaPalavaDombivaliE,Marathi,10:00,Prime,130₹,108,39
Mumbai,PvrXperiaPalavaDombivaliE,Marathi,10:00,Recliner,230₹,12,6
Pune,PvrIconPavillionMallShivajinagar,Marathi,10:00,Classic,250₹,28,0
Pune,PvrIconPavillionMallShivajinagar,Marathi,10:00,Prime,250₹,148,53
Pune,PvrIconPavillionMallShivajinagar,Marathi,10:00,Recliner,450₹,8,6
Indapur,KesharCinema,Marathi,10:00,Diamond,100₹,100,0
Indapur,KesharCinema,Marathi,10:00,Gold,100₹,100,0
Mumbai,MovieTimeHubMallGoregaonE,Marathi,10:00,Gold,120₹,196,49
Mumbai,CinepolisSeawoodsGrandCentralMall,Marathi,10:15,Normal,210₹,17,0
Mumbai,CinepolisSeawoodsGrandCentralMall,Marathi,10:15,Executive,230₹,57,10
Mumbai,CinepolisSeawoodsGrandCentralMall,Marathi,10:15,Premium,250₹,20,10
Mumbai,CinepolisSeawoodsGrandCentralMall,Marathi,10:15,Vip,450₹,14,0
Malegaon,CinemaxMalegaon,Marathi,10:30,Prime,100₹,130,130
Malegaon,CinemaxMalegaon,Marathi,10:30,ClassicPlus,100₹,119,119
Malegaon,CinemaxMalegaon,Marathi,10:30,Classic,80₹,32,32
Mumbai,PvrIconPhoenixPalladiumLowerParelMumbai,Marathi,10:45,Recliner,270₹,13,13
Mumbai,PvrIconPhoenixPalladiumLowerParelMumbai,Marathi,10:45,Prime,200₹,68,34
Mumbai,PvrIconPhoenixPalladiumLowerParelMumbai,Marathi,10:45,Classic,130₹,42,27
Mumbai,PvrIconPhoenixPalladiumLowerParelMumbai,Marathi,10:45,Lounger,150₹,10,0
Vita,SuriyaNovaCinemas,Marathi,11:00,Gold,120₹,100,0
Vita,SuriyaNovaCinemas,Marathi,11:00,Silver,120₹,100,0
Thane,CinepolisVivianaMallThaneW,Marathi,11:00,Normal,180₹,25,0
Thane,CinepolisVivianaMallThaneW,Marathi,11:00,Executive,180₹,97,10
Thane,CinepolisVivianaMallThaneW,Marathi,11:00,Premium,210₹,43,16
Mumbai,MovieMaxEternityThaneMumbai,Marathi,11:20,Classic,140₹,42,1
Mumbai,MovieMaxEternityThaneMumbai,Marathi,11:20,Prime,150₹,224,81
Mumbai,MovieMaxEternityThaneMumbai,Marathi,11:20,Recliner,200₹,27,27
Vadodara,InoxSevenSeasMallFatehgunj,Marathi,11:40,Executive,140₹,40,0
Vadodara,InoxSevenSeasMallFatehgunj,Marathi,11:40,Gold,260₹,10,0
Vadodara,InoxSevenSeasMallFatehgunj,Marathi,11:40,Premiere,140₹,100,0
Vadodara,InoxSevenSeasMallFatehgunj,Marathi,11:40,Silver,140₹,74,0
Nagpur,PvrEmpressCityMallNagpur,Marathi,11:40,Classic,140₹,56,3
Nagpur,PvrEmpressCityMallNagpur,Marathi,11:40,Prime,170₹,166,53
Nashik,InoxOldVijayMamtaNasik,Marathi,11:45,Platinum,150₹,14,3
Nashik,InoxOldVijayMamtaNasik,Marathi,11:45,Silver,150₹,237,22
Nashik,InoxOldVijayMamtaNasik,Marathi,11:45,Executive,150₹,59,0
Nashik,InoxOldVijayMamtaNasik,Marathi,11:45,Gold,170₹,29,9
Pune,InoxAmanoraTownCentreHadapsar,Marathi,11:45,Club,150₹,157,38
Pune,InoxAmanoraTownCentreHadapsar,Marathi,11:45,Executive,150₹,42,0
Pune,InoxAmanoraTownCentreHadapsar,Marathi,11:45,Royale,240₹,6,0
Loni,NathgangaCinemaLoni,Marathi,11:45,CoupleSofa,150₹,24,3
Loni,NathgangaCinemaLoni,Marathi,11:45,DiamondPushBack,120₹,76,3
Loni,NathgangaCinemaLoni,Marathi,11:45,GoldenPushBack,100₹,117,0
NaviMumbai,CarnivalLittleWorldMallKharghar,Marathi,11:45,GoldOffline,150₹,42,0
NaviMumbai,CarnivalLittleWorldMallKharghar,Marathi,11:45,PlatinumOffline,170₹,227,6
Goa,InoxOsiaGWingMargao,Marathi,11:50,Club,112₹,131,4
Goa,InoxOsiaGWingMargao,Marathi,11:50,Executive,112₹,28,0
Goa,InoxOsiaGWingMargao,Marathi,11:50,Royale,150₹,57,8
Jalgaon,InoxKhandeshCentralMallPratapNagar,Marathi,11:50,Club,110₹,114,0
Jalgaon,InoxKhandeshCentralMallPratapNagar,Marathi,11:50,Executive,110₹,42,0
Jalgaon,InoxKhandeshCentralMallPratapNagar,Marathi,11:50,Royal,110₹,53,8
Pune,InoxJaiGaneshVisionMallAkurdi,Marathi,11:50,Premiere,170₹,106,25
Pune,InoxJaiGaneshVisionMallAkurdi,Marathi,11:50,Red,150₹,48,0
Pune,InoxJaiGaneshVisionMallAkurdi,Marathi,11:50,Silver,190₹,209,58
Mumbai,InoxNeelyogSquareMallGhatkoparE,Marathi,11:55,Executive,130₹,40,4
Mumbai,InoxNeelyogSquareMallGhatkoparE,Marathi,11:55,Premier,130₹,160,55
Mumbai,InoxNeelyogSquareMallGhatkoparE,Marathi,11:55,Silver,130₹,81,77
Mumbai,PaytmImaxInoxRCityGhatkoparW,Marathi,12:00,Club,260₹,80,0
Mumbai,PaytmImaxInoxRCityGhatkoparW,Marathi,12:00,Executive,240₹,47,0
Mumbai,PaytmImaxInoxRCityGhatkoparW,Marathi,12:00,RoyalRecliner,500₹,16,3
Mumbai,PaytmImaxInoxRCityGhatkoparW,Marathi,12:00,Royal,270₹,47,9
Pune,InoxElproCitySquareChinchwad,Marathi,12:05,Club,210₹,85,59
Pune,InoxElproCitySquareChinchwad,Marathi,12:05,Executive,190₹,34,0
Pune,InoxElproCitySquareChinchwad,Marathi,12:05,Royale,230₹,71,71
Mumbai,InoxThakurMallDahisarE,Marathi,12:05,Executive,150₹,69,0
Mumbai,InoxThakurMallDahisarE,Marathi,12:05,Gold,250₹,31,1
Mumbai,InoxThakurMallDahisarE,Marathi,12:05,Premier,150₹,272,24
Thane,InoxKorumMallThaneW,Marathi,12:10,Club,230₹,119,9
Thane,InoxKorumMallThaneW,Marathi,12:10,Executive,210₹,51,0
Thane,InoxKorumMallThaneW,Marathi,12:10,Royal,280₹,18,11
Kolhapur,InoxRelianceMegaMallLaxmipuri,Marathi,12:15,Club,170₹,84,84
Kolhapur,InoxRelianceMegaMallLaxmipuri,Marathi,12:15,Executive,170₹,28,3
Kolhapur,InoxRelianceMegaMallLaxmipuri,Marathi,12:15,Royale,170₹,21,21
Shirur,DigiGoldNovaCinema,Marathi,12:15,Gold,150₹,100,0
Shirur,DigiGoldNovaCinema,Marathi,12:15,Silver,130₹,100,0
Pune,CinepolisSeasonsMallHadapsar,Marathi,12:15,Normal,180₹,29,0
Pune,CinepolisSeasonsMallHadapsar,Marathi,12:15,Executive,190₹,79,21
Pune,CinepolisSeasonsMallHadapsar,Marathi,12:15,Premium,200₹,30,25
Kalyan,CarnivalSm5KalyanW,Marathi,12:20,GoldOffline,210₹,88,0
Kalyan,CarnivalSm5KalyanW,Marathi,12:20,PlatinumOffline,220₹,111,13
Pune,RahulTalkies70MmShivajiNagar,Marathi,12:30,GoldClass,130₹,41,0
Pune,RahulTalkies70MmShivajiNagar,Marathi,12:30,SilverClass,130₹,116,0
Kolhapur,PvrDypCityMallKavalaNaka,Marathi,12:30,Prime,200₹,194,166
Kolhapur,PvrDypCityMallKavalaNaka,Marathi,12:30,Classic,170₹,42,9
Mumbai,InoxNakshatraMallDadarW,Marathi,12:30,Executive,180₹,36,0
Mumbai,InoxNakshatraMallDadarW,Marathi,12:30,Premiere,180₹,140,7
Mumbai,InoxNakshatraMallDadarW,Marathi,12:30,Royal,240₹,8,6
Mumbai,InoxNakshatraMallDadarW,Marathi,12:30,Silver,180₹,85,30
Nagpur,AMCinema,Marathi,12:30,Royal,180₹,100,0
Nagpur,AMCinema,Marathi,12:30,Prime,150₹,100,0
Mumbai,MirajThakurCinemasKandivaliE,Marathi,12:30,Special,180₹,403,0
Mumbai,MirajThakurCinemasKandivaliE,Marathi,12:30,Executivep,180₹,30,7
Mumbai,MirajThakurCinemasKandivaliE,Marathi,12:30,Platinum,350₹,21,11
Mumbai,MirajThakurCinemasKandivaliE,Marathi,12:30,Executive,180₹,93,12
Mumbai,MirajThakurCinemasKandivaliE,Marathi,12:30,Gold,180₹,121,121
Junnar,ShevantaCinemaJunnar,Marathi,12:30,Gold,99₹,100,0
Mumbai,MirajCinerajCinemasPanvel,Marathi,12:30,Box,130₹,8,8
Mumbai,MirajCinerajCinemasPanvel,Marathi,12:30,Family,130₹,354,101
Mumbai,CinepolisSeawoodsGrandCentralMall,Marathi,12:30,Normal,240₹,49,0
Mumbai,CinepolisSeawoodsGrandCentralMall,Marathi,12:30,Executive,260₹,74,12
Mumbai,CinepolisSeawoodsGrandCentralMall,Marathi,12:30,Premium,280₹,40,13
Mumbai,CinepolisSeawoodsGrandCentralMall,Marathi,12:30,Vip,480₹,14,2
Pune,GunjanCinemaNhavare,Marathi,12:30,Gold,100₹,40,0
Pune,GunjanCinemaNhavare,Marathi,12:30,Silver,100₹,34,16
Thane,CinepolisVivianaMallThaneW,Marathi,12:30,Normal,220₹,31,0
Thane,CinepolisVivianaMallThaneW,Marathi,12:30,Executive,240₹,104,3
Thane,CinepolisVivianaMallThaneW,Marathi,12:30,Premium,260₹,52,18
Aurangabad,InoxProzoneMallChilkalthana,Marathi,12:40,Regular,210₹,91,81
Aurangabad,InoxProzoneMallChilkalthana,Marathi,12:40,SkyBox,420₹,1,0
Mumbai,MovieMaxSonaShoppingKandivaliWMumbai,Marathi,12:45,Prime,120₹,129,1
Mumbai,MovieMaxSonaShoppingKandivaliWMumbai,Marathi,12:45,PrimePlus,160₹,33,0
Mumbai,MovieTimeDahisarE,Marathi,12:45,DressCircle,150₹,354,68
Mumbai,GoldCinemaDadarE,Marathi,12:45,Balcony,250₹,100,0
Mumbai,GoldCinemaDadarE,Marathi,12:45,Gold,200₹,100,0
Mumbai,GoldCinemaDadarE,Marathi,12:45,Executive,200₹,100,0
Mumbai,MovieMaxAndheriE,Marathi,12:45,Prime,160₹,24,2
Mumbai,MovieMaxAndheriE,Marathi,12:45,Classic,160₹,338,9
Mumbai,MovieTimeStarCityMatungaW,Marathi,12:45,Premium,150₹,366,53
Ulhasnagar,MirajAshokAnilMultiplexUlhasnagar,Marathi,12:45,Gold,150₹,125,27
Pune,CarnivalCinemasSpineCityPuneSpineCityMall,Marathi,12:45,PlatinumOffline,200₹,80,28
Pune,CarnivalCinemasSpineCityPuneSpineCityMall,Marathi,12:45,GoldOffline,180₹,65,14
Pune,CarnivalCinemasSpineCityPuneSpineCityMall,Marathi,12:45,SilverOffline,160₹,48,8
Pune,CarnivalCinemasSpineCityPuneSpineCityMall,Marathi,12:45,ReclinerOffline,250₹,27,20
Jalgaon,PvrUtsavKirtiMallNaviPeth,Marathi,12:45,Classic,120₹,62,0
Jalgaon,PvrUtsavKirtiMallNaviPeth,Marathi,12:45,ClassicPlus,120₹,346,39
Jalgaon,PvrUtsavKirtiMallNaviPeth,Marathi,12:45,Prime,120₹,85,7
Mumbai,PvrCitiMallAndheriW,Marathi,13:00,Classic,110₹,46,2
Mumbai,PvrCitiMallAndheriW,Marathi,13:00,Recliner,320₹,24,0
Mumbai,PvrCitiMallAndheriW,Marathi,13:00,Prime,150₹,146,29
Pune,CinepolisWestendMallAundh,Marathi,13:00,Normal,280₹,21,0
Pune,CinepolisWestendMallAundh,Marathi,13:00,Executive,300₹,72,28
Pune,CinepolisWestendMallAundh,Marathi,13:00,Premium,320₹,35,20
Pune,CarnivalPremierPlazaChinchwad,Marathi,13:00,GoldOffline,150₹,80,40
Pune,CarnivalPremierPlazaChinchwad,Marathi,13:00,SilverOffline,130₹,40,0
Pune,CarnivalPremierPlazaChinchwad,Marathi,13:00,PlatinumOffline,170₹,189,142
Pune,CarnivalPremierPlazaChinchwad,Marathi,13:00,PremiumReclineOffline,250₹,19,17
Mumbai,MovieTimeHubMallGoregaonE,Marathi,13:00,Gold,150₹,196,47
Mumbai,InoxLaserplexCr2NarimanPoint,Marathi,13:10,Club,360₹,128,0
Mumbai,InoxLaserplexCr2NarimanPoint,Marathi,13:10,Royale,380₹,100,2
Pune,PvrMarketCityVimanNagar,Marathi,13:10,Recliner,420₹,14,2
Pune,PvrMarketCityVimanNagar,Marathi,13:10,PrimePlus,320₹,13,10
Pune,PvrMarketCityVimanNagar,Marathi,13:10,Prime,220₹,123,45
Pune,PvrMarketCityVimanNagar,Marathi,13:10,Classic,180₹,76,3
Kalyan,InoxMetroJunctionMallKalyan,Marathi,13:11,Execuitve,220₹,30,0
Kalyan,InoxMetroJunctionMallKalyan,Marathi,13:11,Premier,220₹,130,18
Kalyan,InoxMetroJunctionMallKalyan,Marathi,13:11,Silver,230₹,80,60
Pune,InoxAmanoraTownCentreHadapsar,Marathi,13:15,Club,180₹,157,68
Pune,InoxAmanoraTownCentreHadapsar,Marathi,13:15,Executive,180₹,42,0
Pune,InoxAmanoraTownCentreHadapsar,Marathi,13:15,Royale,240₹,6,5
Mumbai,MovieTimeChembur,Marathi,13:15,Silver,180₹,126,49
Mumbai,MovieTimeChembur,Marathi,13:15,Gold,180₹,16,16
Ulhasnagar,MirajCinemasFuncityUlhasnagar,Marathi,13:15,Special,160₹,63,27
Mumbai,PvrMarketCityKurlaW,Marathi,13:30,Classic,260₹,90,2
Mumbai,PvrMarketCityKurlaW,Marathi,13:30,Prime,300₹,117,14
Thane,MaxusCinemasMaxusMallBhayandar,Marathi,13:45,Sofa,249₹,100,0
Thane,MaxusCinemasMaxusMallBhayandar,Marathi,13:45,PremiumPlus,199₹,100,0
Thane,MaxusCinemasMaxusMallBhayandar,Marathi,13:45,Premium,149₹,100,0
NaviMumbai,InoxRaghuleelaMallVashi,Marathi,13:45,Executive,200₹,22,0
NaviMumbai,InoxRaghuleelaMallVashi,Marathi,13:45,Premier,220₹,85,33
NaviMumbai,InoxRaghuleelaMallVashi,Marathi,13:45,Silver,220₹,26,21
Mumbai,CarnivalImaxWadala,Marathi,14:00,GoldOffline,230₹,60,3
Mumbai,CarnivalImaxWadala,Marathi,14:00,PlatinumOffline,260₹,167,6
Mumbai,CarnivalImaxWadala,Marathi,14:00,PremiumOffline,360₹,38,2
Surat,InoxVrSuratDumasRoad,Marathi,14:35,Club,170₹,122,1
Surat,InoxVrSuratDumasRoad,Marathi,14:35,Executive,150₹,34,0
Surat,InoxVrSuratDumasRoad,Marathi,14:35,Royal,190₹,54,1
Surat,InoxVrSuratDumasRoad,Marathi,14:35,RoyalRecliner,370₹,12,0
Mumbai,CarnivalAnnexMallBorivali,Marathi,14:40,Sofa,200₹,133,6
Mumbai,MaxusCinemasKurla,Marathi,14:45,Sofa,220₹,100,0
Mumbai,MaxusCinemasKurla,Marathi,14:45,Premium,180₹,100,0
Nandurbar,MirajCinemasNandurbar,Marathi,14:45,Special,130₹,34,0
Nandurbar,MirajCinemasNandurbar,Marathi,14:45,Executive,150₹,222,15
Nandurbar,MirajCinemasNandurbar,Marathi,14:45,Gold,270₹,15,0
Mumbai,CarnivalSangamAndheriE,Marathi,14:50,PlatinumOffline,270₹,19,6
Mumbai,CarnivalSangamAndheriE,Marathi,14:50,GoldOffline,220₹,38,4
Mumbai,CarnivalSangamAndheriE,Marathi,14:50,SilverOffline,180₹,195,9
Mumbai,CarnivalSangamAndheriE,Marathi,14:50,BronzeOffline,150₹,53,2
Mumbai,InoxRaghuleelaMegaMallKandivaliW,Marathi,15:00,Gold,250₹,142,8
Mumbai,InoxRaghuleelaMegaMallKandivaliW,Marathi,15:00,Premiere,250₹,82,0
Mumbai,InoxThakurMallDahisarE,Marathi,15:00,Executive,240₹,69,0
Mumbai,InoxThakurMallDahisarE,Marathi,15:00,Gold,340₹,29,0
Mumbai,InoxThakurMallDahisarE,Marathi,15:00,Premier,240₹,271,0
Roha,ChhotuMaharajRoha,Marathi,15:00,Cl,200₹,74,2
Roha,ChhotuMaharajRoha,Marathi,15:00,Pr,150₹,26,0
Pune,GunjanCinemaYawat,Marathi,15:00,Vip,130₹,53,0
Pune,GunjanCinemaYawat,Marathi,15:00,Silver,110₹,86,0
Guhagar,RajlaxmiChitramandirRatnagiri,Marathi,15:00,Club,160₹,84,42
Guhagar,RajlaxmiChitramandirRatnagiri,Marathi,15:00,Executive,160₹,70,70
Mumbai,PaytmImaxInoxRCityGhatkoparW,Marathi,15:05,Club,260₹,80,7
Mumbai,PaytmImaxInoxRCityGhatkoparW,Marathi,15:05,Executive,240₹,47,0
Mumbai,PaytmImaxInoxRCityGhatkoparW,Marathi,15:05,RoyalRecliner,500₹,16,0
Mumbai,PaytmImaxInoxRCityGhatkoparW,Marathi,15:05,Royal,270₹,47,14
Khopoli,SamuelMultiplexSamuelsMallShantiNagar,Marathi,15:05,CoupleSeat,300₹,100,0
Khopoli,SamuelMultiplexSamuelsMallShantiNagar,Marathi,15:05,Executive,130₹,100,0
NaviMumbai,InoxPalmBeachGalleriaMallVashi,Marathi,15:10,Club,250₹,122,3
NaviMumbai,InoxPalmBeachGalleriaMallVashi,Marathi,15:10,Executive,220₹,30,0
NaviMumbai,InoxPalmBeachGalleriaMallVashi,Marathi,15:10,RoyalRecliners,450₹,9,1
NaviMumbai,InoxPalmBeachGalleriaMallVashi,Marathi,15:10,Royal,250₹,45,31
Akola,MirajRadhaKrishnaKirtiNagar,Marathi,15:15,Silver,150₹,75,2
Akola,MirajRadhaKrishnaKirtiNagar,Marathi,15:15,Gold,170₹,103,27
Akola,MirajRadhaKrishnaKirtiNagar,Marathi,15:15,Platinum,300₹,12,11
Aurangabad,MohanNovaCinemazSarafaRoad,Marathi,15:15,Platinum,150₹,100,0
Aurangabad,MohanNovaCinemazSarafaRoad,Marathi,15:15,Gold,150₹,100,0
Aurangabad,MohanNovaCinemazSarafaRoad,Marathi,15:15,Silver,150₹,100,0
Solapur,CarnivalBhagwatSolapur,Marathi,15:15,Platinum,160₹,92,34
Solapur,CarnivalBhagwatSolapur,Marathi,15:15,Gold,140₹,114,21
Solapur,CarnivalBhagwatSolapur,Marathi,15:15,Silver,120₹,76,7
Kolhapur,InoxRelianceMegaMallLaxmipuri,Marathi,15:15,Club,190₹,98,60
Kolhapur,InoxRelianceMegaMallLaxmipuri,Marathi,15:15,Executive,190₹,24,0
Kolhapur,InoxRelianceMegaMallLaxmipuri,Marathi,15:15,Royale,190₹,37,33
Mumbai,PvrIconOberoiGoregaonE,Marathi,15:15,Classic,130₹,49,4
Mumbai,PvrIconOberoiGoregaonE,Marathi,15:15,Prime,160₹,181,29
Mumbai,PvrIconOberoiGoregaonE,Marathi,15:15,Recliner,450₹,36,2
Pune,AlakaTalkiesSadashivPeth,Marathi,15:30,Balcony,100₹,100,0
Pune,AlakaTalkiesSadashivPeth,Marathi,15:30,Stall,90₹,100,0
Mumbai,CarnivalRMallMulundW,Marathi,15:30,SpecialOffline,110₹,40,0
Mumbai,CarnivalRMallMulundW,Marathi,15:30,SilverOffline,140₹,80,2
Mumbai,CarnivalRMallMulundW,Marathi,15:30,GoldOffline,160₹,140,24
Mumbai,CarnivalRMallMulundW,Marathi,15:30,ReclinerOffline,240₹,12,3
Chennai,PvrGrandMallVelachery,Marathi,15:30,Classic,63₹,42,42
Chennai,PvrGrandMallVelachery,Marathi,15:30,Prime,202₹,172,0
Mumbai,BharatChitraMandirKurlaW,Marathi,15:30,Sofa,150₹,100,0
Mumbai,BharatChitraMandirKurlaW,Marathi,15:30,Premium,100₹,100,0
Chennai,PvrAmpaSkywalkMallAminjikarai,Marathi,15:30,Classic,63₹,17,17
Chennai,PvrAmpaSkywalkMallAminjikarai,Marathi,15:30,Prime,175₹,130,130
Pune,GunjanCinemaNhavare,Marathi,15:30,Gold,100₹,40,0
Pune,GunjanCinemaNhavare,Marathi,15:30,Silver,100₹,34,16
Pune,CinepolisSeasonsMallHadapsar,Marathi,15:30,Normal,220₹,29,0
Pune,CinepolisSeasonsMallHadapsar,Marathi,15:30,Executive,220₹,79,10
Pune,CinepolisSeasonsMallHadapsar,Marathi,15:30,Premium,240₹,30,12
Niphad,RavirajCinemaNiphad,Marathi,15:30,Balcony,80₹,142,98
Niphad,RavirajCinemaNiphad,Marathi,15:30,Stall,60₹,160,160
Vasai,CarnivalKtVasaiW,Marathi,15:45,Platinum,160₹,60,31
Vasai,CarnivalKtVasaiW,Marathi,15:45,Royal,180₹,12,10
Mumbai,CinepolisSeawoodsGrandCentralMall,Marathi,15:45,Normal,240₹,49,4
Mumbai,CinepolisSeawoodsGrandCentralMall,Marathi,15:45,Executive,260₹,74,35
Mumbai,CinepolisSeawoodsGrandCentralMall,Marathi,15:45,Premium,280₹,40,20
Mumbai,CinepolisSeawoodsGrandCentralMall,Marathi,15:45,Vip,480₹,14,0
Sawantwadi,AryaNovaCinemaz,Marathi,15:45,Vip,200₹,100,0
Sawantwadi,AryaNovaCinemaz,Marathi,15:45,Gold,170₹,100,0
Sawantwadi,AryaNovaCinemaz,Marathi,15:45,Silver,150₹,100,0
Latur,PvrLatur,Marathi,15:45,Prime,160₹,102,102
Latur,PvrLatur,Marathi,15:45,Classic,110₹,42,5
Latur,PvrLatur,Marathi,15:45,ClassicPlus,150₹,183,133
Malegaon,CinemaxMalegaon,Marathi,15:45,Prime,110₹,130,81
Malegaon,CinemaxMalegaon,Marathi,15:45,ClassicPlus,110₹,119,14
Malegaon,CinemaxMalegaon,Marathi,15:45,Classic,100₹,32,4
Thane,CinepolisVivianaMallThaneW,Marathi,15:45,Normal,220₹,31,0
Thane,CinepolisVivianaMallThaneW,Marathi,15:45,Executive,240₹,104,22
Thane,CinepolisVivianaMallThaneW,Marathi,15:45,Premium,260₹,52,30
Mumbai,PvrInfinitiMaladMumbai,Marathi,15:45,Prime,230₹,76,12
Nagpur,CinepolisVrNagpurMall,Marathi,16:00,Vip,400₹,5,3
Nagpur,CinepolisVrNagpurMall,Marathi,16:00,Premium,200₹,64,7
Nagpur,CinepolisVrNagpurMall,Marathi,16:00,Executive,180₹,73,10
Nagpur,CinepolisVrNagpurMall,Marathi,16:00,Normal,160₹,29,0
Pune,PvrKumarPacificMallSwarGate,Marathi,16:00,Classic,280₹,24,0
Pune,PvrKumarPacificMallSwarGate,Marathi,16:00,Prime,280₹,192,46
NaviMumbai,PvrOrionPanvel,Marathi,16:00,Classic,170₹,20,5
NaviMumbai,PvrOrionPanvel,Marathi,16:00,Prime,190₹,98,98
NaviMumbai,PvrOrionPanvel,Marathi,16:00,PrimePlus,210₹,27,27
Pune,CarnivalCinemasSpineCityPuneSpineCityMall,Marathi,16:00,PlatinumOffline,200₹,80,73
Pune,CarnivalCinemasSpineCityPuneSpineCityMall,Marathi,16:00,GoldOffline,180₹,65,35
Pune,CarnivalCinemasSpineCityPuneSpineCityMall,Marathi,16:00,SilverOffline,160₹,48,0
Pune,CarnivalCinemasSpineCityPuneSpineCityMall,Marathi,16:00,ReclinerOffline,250₹,27,22
Nashik,CinemaxCityCenterNasik,Marathi,16:00,Recliner,360₹,33,14
Nashik,CinemaxCityCenterNasik,Marathi,16:00,Prime,220₹,135,82
Nashik,CinemaxCityCenterNasik,Marathi,16:00,Classic,180₹,34,2
Pune,PvrIconPavillionMallShivajinagar,Marathi,16:00,Classic,350₹,28,0
Pune,PvrIconPavillionMallShivajinagar,Marathi,16:00,Prime,350₹,148,69
Pune,PvrIconPavillionMallShivajinagar,Marathi,16:00,Recliner,650₹,8,6
Pune,RajhansCinemas93AvenueMallFatimaNagar,Marathi,16:00,Marvel,150₹,36,0
Pune,RajhansCinemas93AvenueMallFatimaNagar,Marathi,16:00,Royal,150₹,76,19
Pune,RajhansCinemas93AvenueMallFatimaNagar,Marathi,16:00,Executive,170₹,132,61
Pune,RajhansCinemas93AvenueMallFatimaNagar,Marathi,16:00,Recliner,300₹,23,12
Mumbai,MaxusCinemasBorivaliW,Marathi,16:00,Sofa,299₹,100,0
Mumbai,MaxusCinemasBorivaliW,Marathi,16:00,PremiumPlus,249₹,100,0
Mumbai,MaxusCinemasBorivaliW,Marathi,16:00,Premium,199₹,100,0
Mumbai,CarnivalHumaKanjurmargW,Marathi,16:00,PlatinumOffline,200₹,76,11
Mumbai,CarnivalHumaKanjurmargW,Marathi,16:00,GoldOffline,170₹,80,29
Mumbai,CarnivalHumaKanjurmargW,Marathi,16:00,ReclinerOffline,300₹,14,3
Mumbai,CarnivalHumaKanjurmargW,Marathi,16:00,SilverOffline,150₹,80,7
Surat,CinepolisImperialSquareMallAdajan,Marathi,16:00,Normal,170₹,22,0
Surat,CinepolisImperialSquareMallAdajan,Marathi,16:00,Premium,190₹,33,0
Surat,CinepolisImperialSquareMallAdajan,Marathi,16:00,Executive,170₹,67,0
Pune,VaibhavChitramandirHadapsar,Marathi,16:15,Gold,100₹,100,0
Ambernath,StarMirajCinemasAmbernath,Marathi,16:15,Platinum,160₹,70,46
Pune,CinepolisWestendMallAundh,Marathi,16:15,Normal,350₹,21,0
Pune,CinepolisWestendMallAundh,Marathi,16:15,Executive,350₹,61,14
Pune,CinepolisWestendMallAundh,Marathi,16:15,Premium,350₹,35,16
Mumbai,PvrXperiaPalavaDombivaliE,Marathi,16:20,Classic,180₹,36,0
Mumbai,PvrXperiaPalavaDombivaliE,Marathi,16:20,Prime,220₹,114,64
Mumbai,PvrXperiaPalavaDombivaliE,Marathi,16:20,Recliner,320₹,12,12
Pune,PvrMarketCityVimanNagar,Marathi,16:20,Recliner,480₹,14,12
Pune,PvrMarketCityVimanNagar,Marathi,16:20,PrimePlus,380₹,13,9
Pune,PvrMarketCityVimanNagar,Marathi,16:20,Prime,280₹,123,40
Pune,PvrMarketCityVimanNagar,Marathi,16:20,Classic,240₹,76,0
Pune,InoxAmanoraTownCentreHadapsar,Marathi,16:25,Club,220₹,157,16
Pune,InoxAmanoraTownCentreHadapsar,Marathi,16:25,Executive,220₹,42,0
Pune,InoxAmanoraTownCentreHadapsar,Marathi,16:25,Royale,340₹,6,3
Kalyan,InoxMetroJunctionMallKalyan,Marathi,16:30,Execuitve,220₹,30,0
Kalyan,InoxMetroJunctionMallKalyan,Marathi,16:30,Premier,220₹,130,59
Kalyan,InoxMetroJunctionMallKalyan,Marathi,16:30,Silver,230₹,80,74
Pune,InoxBundGarden,Marathi,16:30,DressCircle,250₹,167,42
Pune,InoxBundGarden,Marathi,16:30,Galleria,230₹,60,0
Mumbai,PvrIconPhoenixPalladiumLowerParelMumbai,Marathi,16:30,Recliner,650₹,13,3
Mumbai,PvrIconPhoenixPalladiumLowerParelMumbai,Marathi,16:30,Prime,300₹,68,21
Mumbai,PvrIconPhoenixPalladiumLowerParelMumbai,Marathi,16:30,Classic,220₹,42,3
Mumbai,PvrIconPhoenixPalladiumLowerParelMumbai,Marathi,16:30,Lounger,240₹,10,0
Pune,CinepolisSeasonsMallHadapsar,Marathi,16:30,Normal,220₹,29,0
Pune,CinepolisSeasonsMallHadapsar,Marathi,16:30,Executive,220₹,98,25
Pune,CinepolisSeasonsMallHadapsar,Marathi,16:30,Premium,240₹,35,18
Aurangabad,InoxTapadiaMallTownCenter,Marathi,16:35,Premiere,180₹,37,0
Aurangabad,InoxTapadiaMallTownCenter,Marathi,16:35,Silver,190₹,174,106
Mumbai,CinepolisSeawoodsGrandCentralMall,Marathi,17:10,Normal,260₹,17,1
Mumbai,CinepolisSeawoodsGrandCentralMall,Marathi,17:10,Executive,280₹,57,14
Mumbai,CinepolisSeawoodsGrandCentralMall,Marathi,17:10,Premium,300₹,40,13
Mumbai,CinepolisSeawoodsGrandCentralMall,Marathi,17:10,Vip,500₹,14,0
Mumbai,InoxMegaplexInorbitMall,Marathi,17:25,Executive,280₹,32,0
Mumbai,InoxMegaplexInorbitMall,Marathi,17:25,Premiere,280₹,125,5
Mumbai,InoxMegaplexInorbitMall,Marathi,17:25,Silver,300₹,76,25
Nagpur,AMCinema,Marathi,17:30,Royal,200₹,100,0
Nagpur,AMCinema,Marathi,17:30,Prime,180₹,100,0
Vadodara,CinepolisInorbitMallGorwa,Marathi,17:30,Premium,180₹,26,5
Vadodara,CinepolisInorbitMallGorwa,Marathi,17:30,Executive,180₹,112,0
Vadodara,CinepolisInorbitMallGorwa,Marathi,17:30,Normal,180₹,24,0
Mumbai,MaxusCinemasKurla,Marathi,17:45,Sofa,250₹,100,0
Mumbai,MaxusCinemasKurla,Marathi,17:45,Premium,200₹,100,0
Kalyan,CarnivalSm5KalyanW,Marathi,18:00,GoldOffline,220₹,88,2
Kalyan,CarnivalSm5KalyanW,Marathi,18:00,PlatinumOffline,230₹,111,35
Ahmednagar,AshaSquareMultiplexAhmednagar,Marathi,18:00,GoldenClass,150₹,100,0
Indapur,RahulCinemaIndapur,Marathi,18:00,FirstClass,100₹,100,0
Guhagar,RajlaxmiChitramandirRatnagiri,Marathi,18:00,Club,160₹,84,0
Guhagar,RajlaxmiChitramandirRatnagiri,Marathi,18:00,Executive,160₹,70,0
Daryapur,DreamCinemasAkotRoad,Marathi,18:00,Vip,160₹,62,3
Daryapur,DreamCinemasAkotRoad,Marathi,18:00,Gold,130₹,92,0
Daryapur,DreamCinemasAkotRoad,Marathi,18:00,Silver,90₹,72,0
Kopargaon,SudeshPicturePalaceKopargaon,Marathi,18:10,Balcony,100₹,100,0
Kopargaon,SudeshPicturePalaceKopargaon,Marathi,18:10,SpecialA,80₹,100,0
Kopargaon,SudeshPicturePalaceKopargaon,Marathi,18:10,SpecialB,80₹,100,0
Indapur,KesharCinema,Marathi,18:15,Diamond,100₹,100,0
Indapur,KesharCinema,Marathi,18:15,Gold,100₹,100,0
Mumbai,PvrIconOberoiGoregaonE,Marathi,18:15,Classic,150₹,47,5
Mumbai,PvrIconOberoiGoregaonE,Marathi,18:15,Prime,190₹,156,54
Mumbai,PvrIconOberoiGoregaonE,Marathi,18:15,Recliner,450₹,34,0
NaviMumbai,CarnivalLittleWorldMallKharghar,Marathi,18:15,GoldOffline,230₹,42,0
NaviMumbai,CarnivalLittleWorldMallKharghar,Marathi,18:15,PlatinumOffline,250₹,227,70
NaviMumbai,InoxRaghuleelaMallVashi,Marathi,18:20,Executive,220₹,22,3
NaviMumbai,InoxRaghuleelaMallVashi,Marathi,18:20,Premier,250₹,118,44
NaviMumbai,InoxRaghuleelaMallVashi,Marathi,18:20,Silver,250₹,28,28
Goa,InoxPorvorimBardez,Marathi,18:25,Club,230₹,110,11
Goa,InoxPorvorimBardez,Marathi,18:25,Executive,220₹,34,0
Goa,InoxPorvorimBardez,Marathi,18:25,RoyalRecliner,430₹,13,0
Goa,InoxPorvorimBardez,Marathi,18:25,Royal,250₹,56,10
Lonavala,CineBlissNeelkamalCinemaLonavala,Marathi,18:30,Box,150₹,100,0
Lonavala,CineBlissNeelkamalCinemaLonavala,Marathi,18:30,Balcony,130₹,100,0
Lonavala,CineBlissNeelkamalCinemaLonavala,Marathi,18:30,Gold,110₹,100,0
Mumbai,CinepolisAndheriW,Marathi,18:30,Premium,180₹,32,20
Mumbai,CinepolisAndheriW,Marathi,18:30,Platinum,300₹,26,4
Mumbai,CinepolisAndheriW,Marathi,18:30,Executive,160₹,96,25
Mumbai,CinepolisAndheriW,Marathi,18:30,Normal,140₹,32,0
Thane,MirajFunfiestaCinemasNalasoparaW,Marathi,18:30,Silver,190₹,70,7
Thane,MirajFunfiestaCinemasNalasoparaW,Marathi,18:30,Gold,210₹,98,36
Thane,MirajFunfiestaCinemasNalasoparaW,Marathi,18:30,Platinum,210₹,125,116
Thane,MirajFunfiestaCinemasNalasoparaW,Marathi,18:30,Vip,290₹,22,22
Pune,ViluxTalkiesKhadkiBazar,Marathi,18:30,Gold,100₹,100,0
Pune,ViluxTalkiesKhadkiBazar,Marathi,18:30,Silver,100₹,100,0
Goa,ZSquareNiagaraCurchorem,Marathi,18:30,Golden,150₹,100,0
Goa,ZSquareNiagaraCurchorem,Marathi,18:30,Silver,125₹,100,0
Goa,ZSquareMultiplexVasco,Marathi,18:30,Golden,125₹,100,0
Mumbai,CarnivalRMallMulundW,Marathi,18:30,SpecialOffline,140₹,40,1
Mumbai,CarnivalRMallMulundW,Marathi,18:30,SilverOffline,160₹,80,2
Mumbai,CarnivalRMallMulundW,Marathi,18:30,GoldOffline,180₹,140,84
Mumbai,CarnivalRMallMulundW,Marathi,18:30,ReclinerOffline,280₹,12,5
Nagpur,CarnivalSangamNagpur,Marathi,18:30,Gold,150₹,368,119
Nagpur,CarnivalSangamNagpur,Marathi,18:30,Silver,130₹,84,0
Ulhasnagar,MirajCinemasFuncityUlhasnagar,Marathi,18:30,Platinum,180₹,180,24
Ulhasnagar,MirajCinemasFuncityUlhasnagar,Marathi,18:30,Gold,160₹,50,18
Ulhasnagar,MirajCinemasFuncityUlhasnagar,Marathi,18:30,Silver,150₹,40,0
Mumbai,BharatChitraMandirKurlaW,Marathi,18:30,Sofa,150₹,100,0
Mumbai,BharatChitraMandirKurlaW,Marathi,18:30,Premium,100₹,100,0
Mumbai,InoxNeelyogSquareMallGhatkoparE,Marathi,18:30,Executive,220₹,40,0
Mumbai,InoxNeelyogSquareMallGhatkoparE,Marathi,18:30,Premier,220₹,160,30
Mumbai,InoxNeelyogSquareMallGhatkoparE,Marathi,18:30,Silver,240₹,81,31
Thane,MalharTheatreThaneW,Marathi,18:30,Balcony,110₹,324,77
Pune,GunjanCinemaNhavare,Marathi,18:30,Gold,100₹,40,0
Pune,GunjanCinemaNhavare,Marathi,18:30,Silver,100₹,34,16
Nagpur,InoxJaswantTuliMallKampteeRoad,Marathi,18:35,Club,180₹,170,4
Nagpur,InoxJaswantTuliMallKampteeRoad,Marathi,18:35,Executive,140₹,53,0
Belagavi,InoxCampRoadBelgaum,Marathi,18:35,Club,140₹,56,0
Belagavi,InoxCampRoadBelgaum,Marathi,18:35,Executive,130₹,14,0
Belagavi,InoxCampRoadBelgaum,Marathi,18:35,Royal,150₹,5,0
Jalgaon,InoxKhandeshCentralMallPratapNagar,Marathi,18:35,Club,130₹,114,6
Jalgaon,InoxKhandeshCentralMallPratapNagar,Marathi,18:35,Executive,130₹,42,0
Jalgaon,InoxKhandeshCentralMallPratapNagar,Marathi,18:35,Royal,130₹,53,13
Nagpur,PvrEmpressCityMallNagpur,Marathi,18:35,Classic,160₹,56,7
Nagpur,PvrEmpressCityMallNagpur,Marathi,18:35,Prime,200₹,166,50
Mumbai,MovieMaxSionMumbai,Marathi,18:35,PrimePlus,200₹,5,5
Mumbai,MovieMaxSionMumbai,Marathi,18:35,Prime,200₹,92,90
Mumbai,MovieMaxSionMumbai,Marathi,18:35,Classic,200₹,45,3
Washim,H2MMovieplexPatniCommercial,Marathi,18:35,Gl,120₹,96,11
Washim,H2MMovieplexPatniCommercial,Marathi,18:35,Pl,150₹,60,9
Washim,H2MMovieplexPatniCommercial,Marathi,18:35,Sf,150₹,21,6
Washim,H2MMovieplexPatniCommercial,Marathi,18:35,Sl,80₹,52,0
Nagpur,InoxJaswantTuliMallKampteeRoad,Marathi,18:35,Club,210₹,170,0
Nagpur,InoxJaswantTuliMallKampteeRoad,Marathi,18:35,Executive,190₹,53,0
Chennai,PvrHeritageRslEcrChennai,Marathi,18:40,Classic,63₹,15,10
Chennai,PvrHeritageRslEcrChennai,Marathi,18:40,Prime,202₹,119,14
Kolhapur,InoxRelianceMegaMallLaxmipuri,Marathi,18:45,Club,190₹,84,84
Kolhapur,InoxRelianceMegaMallLaxmipuri,Marathi,18:45,Executive,190₹,28,22
Kolhapur,InoxRelianceMegaMallLaxmipuri,Marathi,18:45,Royale,190₹,21,21
Khopoli,GoldCinemaKhopoli,Marathi,18:45,Gold,130₹,100,0
Belagavi,CarnivalKapeelNucleusMall,Marathi,18:45,Platinum,110₹,140,73
Belagavi,CarnivalKapeelNucleusMall,Marathi,18:45,Gold,110₹,85,22
Belagavi,CarnivalKapeelNucleusMall,Marathi,18:45,Silver,100₹,51,0
Vasai,MirajDattaniCinemasVasai,Marathi,18:45,Silver,190₹,191,63
Vasai,MirajDattaniCinemasVasai,Marathi,18:45,Bronze,170₹,32,0
Vasai,MirajDattaniCinemasVasai,Marathi,18:45,Gold,210₹,16,10
Vasai,MirajDattaniCinemasVasai,Marathi,18:45,Platinum,260₹,11,0
Nashik,InoxOldVijayMamtaNasik,Marathi,18:45,Executive,180₹,59,0
Nashik,InoxOldVijayMamtaNasik,Marathi,18:45,Gold,250₹,29,16
Nashik,InoxOldVijayMamtaNasik,Marathi,18:45,Platinum,190₹,14,14
Nashik,InoxOldVijayMamtaNasik,Marathi,18:45,Silver,190₹,237,46
Pune,InoxJaiGaneshVisionMallAkurdi,Marathi,18:45,Premiere,230₹,106,43
Pune,InoxJaiGaneshVisionMallAkurdi,Marathi,18:45,Red,210₹,48,0
Pune,InoxJaiGaneshVisionMallAkurdi,Marathi,18:45,Silver,250₹,209,161
Thane,InoxKorumMallThaneW,Marathi,18:45,Club,280₹,119,41
Thane,InoxKorumMallThaneW,Marathi,18:45,Executive,250₹,51,0
Thane,InoxKorumMallThaneW,Marathi,18:45,Royal,370₹,18,9
Pune,CinepolisSeasonsMallHadapsar,Marathi,18:45,Normal,240₹,29,0
Pune,CinepolisSeasonsMallHadapsar,Marathi,18:45,Executive,260₹,79,14
Pune,CinepolisSeasonsMallHadapsar,Marathi,18:45,Premium,260₹,30,30
Mumbai,InoxRaghuleelaMegaMallKandivaliW,Marathi,18:50,Gold,270₹,149,44
Mumbai,InoxRaghuleelaMegaMallKandivaliW,Marathi,18:50,Premiere,270₹,51,0
Jalgaon,PvrUtsavKirtiMallNaviPeth,Marathi,18:55,Classic,120₹,62,0
Jalgaon,PvrUtsavKirtiMallNaviPeth,Marathi,18:55,ClassicPlus,120₹,346,37
Jalgaon,PvrUtsavKirtiMallNaviPeth,Marathi,18:55,Prime,120₹,85,21
Mumbai,CinepolisSeawoodsGrandCentralMall,Marathi,19:00,Normal,260₹,49,0
Mumbai,CinepolisSeawoodsGrandCentralMall,Marathi,19:00,Executive,280₹,74,28
Mumbai,CinepolisSeawoodsGrandCentralMall,Marathi,19:00,Premium,300₹,40,36
Mumbai,CinepolisSeawoodsGrandCentralMall,Marathi,19:00,Vip,500₹,14,4
Mumbai,MovieMaxEternityThaneMumbai,Marathi,19:00,Classic,160₹,44,2
Mumbai,MovieMaxEternityThaneMumbai,Marathi,19:00,Prime,180₹,185,114
Mumbai,MovieMaxEternityThaneMumbai,Marathi,19:00,Recliner,220₹,32,30
Vasai,CarnivalKtVasaiW,Marathi,19:00,Platinum,160₹,60,24
Vasai,CarnivalKtVasaiW,Marathi,19:00,Royal,180₹,12,10
Mumbai,MirajAnupamCinemasGoregaon,Marathi,19:00,Executive,160₹,28,6
Mumbai,MirajAnupamCinemasGoregaon,Marathi,19:00,Gold,160₹,217,125
Shirur,DigiGoldNovaCinema,Marathi,19:00,Gold,150₹,100,0
Shirur,DigiGoldNovaCinema,Marathi,19:00,Silver,130₹,100,0
Pune,CarnivalCinemasSpineCityPuneSpineCityMall,Marathi,19:00,PlatinumOffline,220₹,80,74
Pune,CarnivalCinemasSpineCityPuneSpineCityMall,Marathi,19:00,GoldOffline,200₹,65,55
Pune,CarnivalCinemasSpineCityPuneSpineCityMall,Marathi,19:00,SilverOffline,180₹,48,4
Pune,CarnivalCinemasSpineCityPuneSpineCityMall,Marathi,19:00,ReclinerOffline,280₹,27,26
Pune,InoxRoyalHeritageMallNibmExt,Marathi,19:00,Club,250₹,33,26
Pune,InoxRoyalHeritageMallNibmExt,Marathi,19:00,Executive,250₹,22,0
Pune,InoxRoyalHeritageMallNibmExt,Marathi,19:00,RoyaleRecliners,430₹,14,5
Pune,InoxRoyalHeritageMallNibmExt,Marathi,19:00,Royale,270₹,40,39
Mumbai,MirajVCinemasDombivali,Marathi,19:00,Silver,170₹,26,0
Mumbai,MirajVCinemasDombivali,Marathi,19:00,Gold,190₹,116,86
Thane,GoldCinemaThaneW,Marathi,19:00,Box,300₹,100,0
Thane,GoldCinemaThaneW,Marathi,19:00,Gold,180₹,100,0
Thane,GoldCinemaThaneW,Marathi,19:00,Silver,180₹,100,0
Ahmedabad,CinepolisAlphaOneMall,Marathi,19:00,Executive,150₹,58,4
Ahmedabad,CinepolisAlphaOneMall,Marathi,19:00,Premium,170₹,38,6
Ahmedabad,CinepolisAlphaOneMall,Marathi,19:00,Normal,150₹,29,0
Mumbai,CinepolisMagnetMallBhandupW,Marathi,19:00,Vip,300₹,12,8
Mumbai,CinepolisMagnetMallBhandupW,Marathi,19:00,Premium,170₹,46,46
Mumbai,CinepolisMagnetMallBhandupW,Marathi,19:00,Executive,150₹,34,32
Mumbai,CinepolisMagnetMallBhandupW,Marathi,19:00,Normal,140₹,26,0
Ichalkaranji,RadhaKrishnaCinemaIchalkaranji,Marathi,19:00,Vip,180₹,35,35
Ichalkaranji,RadhaKrishnaCinemaIchalkaranji,Marathi,19:00,Platinum,160₹,124,84
Ichalkaranji,RadhaKrishnaCinemaIchalkaranji,Marathi,19:00,Gold,160₹,104,11
Ichalkaranji,RadhaKrishnaCinemaIchalkaranji,Marathi,19:00,Silver,140₹,56,8
Thane,CinepolisVivianaMallThaneW,Marathi,19:00,Normal,240₹,31,2
Thane,CinepolisVivianaMallThaneW,Marathi,19:00,Executive,260₹,104,29
Thane,CinepolisVivianaMallThaneW,Marathi,19:00,Premium,280₹,52,47
Pirangut,FunsquareCinemaGhotawadePhata,Marathi,19:00,Gold,150₹,48,48
Pirangut,FunsquareCinemaGhotawadePhata,Marathi,19:00,Silver,130₹,77,76
Aurangabad,InoxProzoneMallChilkalthana,Marathi,19:10,Regular,230₹,191,56
Aurangabad,InoxProzoneMallChilkalthana,Marathi,19:10,SkyBox,470₹,10,6
Ahmedabad,PvrArvedTranscube,Marathi,19:15,Classic,160₹,33,0
Ahmedabad,PvrArvedTranscube,Marathi,19:15,Prime,180₹,100,15
Kolhapur,PvrDypCityMallKavalaNaka,Marathi,19:15,Prime,250₹,194,165
Kolhapur,PvrDypCityMallKavalaNaka,Marathi,19:15,Classic,210₹,42,14
Vadodara,PvrTransCubeVadodara,Marathi,19:15,Classic,180₹,39,0
Vadodara,PvrTransCubeVadodara,Marathi,19:15,Prime,180₹,90,24
Vadodara,PvrTransCubeVadodara,Marathi,19:15,Recliner,400₹,8,4
Sangli,AurumCinemasCenter1MallVijaynagarChowk,Marathi,19:15,Gl,180₹,108,68
Sangli,AurumCinemasCenter1MallVijaynagarChowk,Marathi,19:15,Sl,150₹,24,0
Indore,InoxC21MallSheetalNagar,Marathi,19:20,Normal,220₹,163,0
Aurangabad,InoxRelianceMallAurangabad,Marathi,19:25,Club,210₹,116,93
Aurangabad,InoxRelianceMallAurangabad,Marathi,19:25,Executive,190₹,54,2
Aurangabad,InoxRelianceMallAurangabad,Marathi,19:25,RoyaleRecliners,480₹,31,4
Aurangabad,InoxRelianceMallAurangabad,Marathi,19:25,Royale,220₹,36,36
Mumbai,PvrXperiaPalavaDombivaliE,Marathi,19:30,Classic,180₹,36,0
Mumbai,PvrXperiaPalavaDombivaliE,Marathi,19:30,Prime,230₹,108,59
Mumbai,PvrXperiaPalavaDombivaliE,Marathi,19:30,Recliner,330₹,12,9
Ulhasnagar,MirajAshokAnilMultiplexUlhasnagar,Marathi,19:30,Gold,180₹,125,61
Pune,CinepolisWestendMallAundh,Marathi,19:30,Normal,350₹,21,0
Pune,CinepolisWestendMallAundh,Marathi,19:30,Executive,350₹,61,43
Pune,CinepolisWestendMallAundh,Marathi,19:30,Premium,350₹,35,31
Mumbai,PvrMarketCityKurlaW,Marathi,19:30,Classic,280₹,90,10
Mumbai,PvrMarketCityKurlaW,Marathi,19:30,Prime,320₹,117,19
Pune,CarnivalPremierPlazaChinchwad,Marathi,19:30,GoldOffline,190₹,80,77
Pune,CarnivalPremierPlazaChinchwad,Marathi,19:30,SilverOffline,170₹,40,4
Pune,CarnivalPremierPlazaChinchwad,Marathi,19:30,PlatinumOffline,210₹,189,181
Pune,CarnivalPremierPlazaChinchwad,Marathi,19:30,PremiumReclineOffline,360₹,19,17
Pune,PvrMarketCityVimanNagar,Marathi,19:30,Recliner,480₹,14,11
Pune,PvrMarketCityVimanNagar,Marathi,19:30,PrimePlus,380₹,13,0
Pune,PvrMarketCityVimanNagar,Marathi,19:30,Prime,280₹,123,59
Pune,PvrMarketCityVimanNagar,Marathi,19:30,Classic,240₹,76,8
Mumbai,MovieTimeHubMallGoregaonE,Marathi,19:30,Gold,170₹,196,150
Mumbai,PvrGrowelsKandivaliE,Marathi,19:30,Prime,250₹,164,63
Mumbai,PvrGrowelsKandivaliE,Marathi,19:30,Classic,250₹,32,0
Mumbai,MetroInoxCinemaMGRoad,Marathi,19:35,Club,280₹,108,19
Mumbai,MetroInoxCinemaMGRoad,Marathi,19:35,Executive,260₹,36,2
Mumbai,MetroInoxCinemaMGRoad,Marathi,19:35,Royale,280₹,48,43
Pune,InoxElproCitySquareChinchwad,Marathi,19:35,Club,280₹,78,77
Pune,InoxElproCitySquareChinchwad,Marathi,19:35,Executive,260₹,26,18
Pune,InoxElproCitySquareChinchwad,Marathi,19:35,Royale,300₹,53,52
Pune,InoxAmanoraTownCentreHadapsar,Marathi,19:35,Club,240₹,157,35
Pune,InoxAmanoraTownCentreHadapsar,Marathi,19:35,Executive,240₹,42,0
Pune,InoxAmanoraTownCentreHadapsar,Marathi,19:35,Royale,340₹,6,4
Kalyan,InoxMetroJunctionMallKalyan,Marathi,19:40,Execuitve,230₹,30,0
Kalyan,InoxMetroJunctionMallKalyan,Marathi,19:40,Premier,230₹,130,93
Kalyan,InoxMetroJunctionMallKalyan,Marathi,19:40,Silver,240₹,80,76
Aurangabad,InoxTapadiaMallTownCenter,Marathi,19:40,Premiere,180₹,37,0
Aurangabad,InoxTapadiaMallTownCenter,Marathi,19:40,Silver,190₹,174,63
Mumbai,MovieTimeChembur,Marathi,19:45,Silver,220₹,126,69
Mumbai,MovieTimeChembur,Marathi,19:45,Gold,220₹,16,16
Mumbai,CarnivalMoviestarGoregaonW,Marathi,19:45,GoldOffline,180₹,46,20
Mumbai,CarnivalMoviestarGoregaonW,Marathi,19:45,SilverOffline,130₹,24,14
Pune,CinepolisSeasonsMallHadapsar,Marathi,19:45,Normal,240₹,29,0
Pune,CinepolisSeasonsMallHadapsar,Marathi,19:45,Executive,260₹,98,50
Pune,CinepolisSeasonsMallHadapsar,Marathi,19:45,Premium,260₹,35,32
Baramati,CarnivalCinemasSubhadraMallBaramati,Marathi,20:00,Silver,190₹,42,21
Baramati,CarnivalCinemasSubhadraMallBaramati,Marathi,20:00,Gold,190₹,128,118
Baramati,CarnivalCinemasSubhadraMallBaramati,Marathi,20:00,Sofa,220₹,17,17
Ulhasnagar,MirajCinemasFuncityUlhasnagar,Marathi,20:00,Special,160₹,63,48
Mumbai,PvrIconInfinitiAndheriW,Marathi,20:00,Classic,200₹,42,0
Mumbai,PvrIconInfinitiAndheriW,Marathi,20:00,Prime,200₹,126,2
Mumbai,PvrIconInfinitiAndheriW,Marathi,20:00,PrimeSuperior,200₹,32,24
Mumbai,PvrIconInfinitiAndheriW,Marathi,20:00,Recliner,400₹,11,3
Mumbai,MaxusCinemasBorivaliW,Marathi,20:00,Couple,329₹,100,0
Mumbai,MaxusCinemasBorivaliW,Marathi,20:00,Recliner,329₹,100,0
Thane,CinepolisVivianaMallThaneW,Marathi,20:00,Normal,240₹,25,0
Thane,CinepolisVivianaMallThaneW,Marathi,20:00,Executive,260₹,97,61
Thane,CinepolisVivianaMallThaneW,Marathi,20:00,Premium,280₹,43,40
Mumbai,CinepolisSeawoodsGrandCentralMall,Marathi,20:10,Normal,260₹,32,0
Mumbai,CinepolisSeawoodsGrandCentralMall,Marathi,20:10,Executive,280₹,91,48
Mumbai,CinepolisSeawoodsGrandCentralMall,Marathi,20:10,Premium,300₹,80,77
Mumbai,CinepolisSeawoodsGrandCentralMall,Marathi,20:10,Vip,500₹,14,12
Mumbai,MovieMaxMiraRoadMumbai,Marathi,20:10,Recliner,350₹,16,1
Mumbai,MovieMaxMiraRoadMumbai,Marathi,20:10,PrimePlus,250₹,10,0
Mumbai,MovieMaxMiraRoadMumbai,Marathi,20:10,Classic,170₹,40,0
Mumbai,MovieMaxMiraRoadMumbai,Marathi,20:10,Prime,180₹,180,61
Thane,MaxusCinemasMaxusMallBhayandar,Marathi,20:15,Sofa,349₹,100,0
Thane,MaxusCinemasMaxusMallBhayandar,Marathi,20:15,PremiumPlus,299₹,100,0
Thane,MaxusCinemasMaxusMallBhayandar,Marathi,20:15,Premium,249₹,100,0
Aurangabad,CarnivalAnjaliAurangpura,Marathi,20:20,Platinum,140₹,171,23
Aurangabad,CarnivalAnjaliAurangpura,Marathi,20:20,Gold,120₹,88,5
Aurangabad,CarnivalAnjaliAurangpura,Marathi,20:20,Silver,110₹,41,0
Surat,PvrRahulRajMallDumasRoad,Marathi,20:30,Recliner,400₹,24,5
Surat,PvrRahulRajMallDumasRoad,Marathi,20:30,ClassicPlus,190₹,38,0
Surat,PvrRahulRajMallDumasRoad,Marathi,20:30,Prime,210₹,76,16
Surat,PvrRahulRajMallDumasRoad,Marathi,20:30,Classic,170₹,38,0
Gurgaon,PvrMgfMallGurgaon,Marathi,20:35,Classic,250₹,105,1
Gurgaon,PvrMgfMallGurgaon,Marathi,20:35,Prime,250₹,44,4
Aurangabad,MohanNovaCinemazSarafaRoad,Marathi,21:00,Platinum,150₹,100,0
Aurangabad,MohanNovaCinemazSarafaRoad,Marathi,21:00,Gold,150₹,100,0
Aurangabad,MohanNovaCinemazSarafaRoad,Marathi,21:00,Silver,150₹,100,0
Vita,SuriyaNovaCinemas,Marathi,21:00,Gold,200₹,100,0
Vita,SuriyaNovaCinemas,Marathi,21:00,Silver,160₹,100,0
Roha,ChhotuMaharajRoha,Marathi,21:00,Cl,200₹,74,15
Roha,ChhotuMaharajRoha,Marathi,21:00,Pr,150₹,26,0
Loni,NathgangaCinemaLoni,Marathi,21:15,DlxPush,150₹,27,26
Loni,NathgangaCinemaLoni,Marathi,21:15,Push,100₹,88,57
Pune,GunjanCinemaNhavare,Marathi,21:30,Gold,100₹,40,0
Pune,GunjanCinemaNhavare,Marathi,21:30,Silver,100₹,34,16
Kolhapur,InoxRelianceMegaMallLaxmipuri,Marathi,21:50,Club,190₹,84,84
Kolhapur,InoxRelianceMegaMallLaxmipuri,Marathi,21:50,Executive,190₹,28,28
Kolhapur,InoxRelianceMegaMallLaxmipuri,Marathi,21:50,Royale,190₹,21,21
Nashik,CinemaxRegimentalPlazaNasik,Marathi,22:00,Classic,100₹,75,6
Nashik,CinemaxRegimentalPlazaNasik,Marathi,22:00,Prime,120₹,190,137
Nashik,CinemaxRegimentalPlazaNasik,Marathi,22:00,PrimePlus,150₹,50,43
Pune,CinepolisSeasonsMallHadapsar,Marathi,22:00,Normal,240₹,29,4
Pune,CinepolisSeasonsMallHadapsar,Marathi,22:00,Executive,260₹,79,61
Pune,CinepolisSeasonsMallHadapsar,Marathi,22:00,Premium,260₹,30,29
Mumbai,MovieTimeHubMallGoregaonE,Marathi,22:00,Gold,170₹,196,153
Mumbai,CinepolisSeawoodsGrandCentralMall,Marathi,22:15,Normal,260₹,49,13
Mumbai,CinepolisSeawoodsGrandCentralMall,Marathi,22:15,Executive,280₹,74,66
Mumbai,CinepolisSeawoodsGrandCentralMall,Marathi,22:15,Premium,300₹,40,39
Mumbai,CinepolisSeawoodsGrandCentralMall,Marathi,22:15,Vip,500₹,14,2
Pune,PvrIconPavillionMallShivajinagar,Marathi,22:15,Classic,350₹,28,0
Pune,PvrIconPavillionMallShivajinagar,Marathi,22:15,Prime,350₹,148,109
Pune,PvrIconPavillionMallShivajinagar,Marathi,22:15,Recliner,650₹,8,6
Thane,CinepolisVivianaMallThaneW,Marathi,22:15,Normal,240₹,31,0
Thane,CinepolisVivianaMallThaneW,Marathi,22:15,Executive,260₹,104,85
Thane,CinepolisVivianaMallThaneW,Marathi,22:15,Premium,280₹,52,50
Thane,CinepolisVipVivianaMallThaneW,Marathi,22:35,Vip,500₹,70,43
Mumbai,PvrXperiaPalavaDombivaliE,Marathi,22:45,Classic,200₹,36,12
Mumbai,PvrXperiaPalavaDombivaliE,Marathi,22:45,Prime,250₹,110,83
Mumbai,PvrXperiaPalavaDombivaliE,Marathi,22:45,Recliner,350₹,12,10
Nanded,PvrTreasureBazaarMallNanded,Marathi,22:45,PrimePlus,160₹,63,3
Nanded,PvrTreasureBazaarMallNanded,Marathi,22:45,Prime,140₹,100,16
Nanded,PvrTreasureBazaarMallNanded,Marathi,22:45,Classic,120₹,70,2
Nagpur,CinepolisVrNagpurMall,Marathi,22:45,Vip,400₹,10,2
Nagpur,CinepolisVrNagpurMall,Marathi,22:45,Premium,210₹,69,12
Nagpur,CinepolisVrNagpurMall,Marathi,22:45,Executive,190₹,73,11
Nagpur,CinepolisVrNagpurMall,Marathi,22:45,Normal,170₹,29,15
Pune,CinepolisWestendMallAundh,Marathi,22:45,Normal,350₹,21,0
Pune,CinepolisWestendMallAundh,Marathi,22:45,Executive,350₹,61,46
Pune,CinepolisWestendMallAundh,Marathi,22:45,Premium,350₹,35,34
Pune,PvrMarketCityVimanNagar,Marathi,22:45,Recliner,480₹,14,10
Pune,PvrMarketCityVimanNagar,Marathi,22:45,PrimePlus,380₹,13,12
Pune,PvrMarketCityVimanNagar,Marathi,22:45,Prime,280₹,123,111
Pune,PvrMarketCityVimanNagar,Marathi,22:45,Classic,240₹,76,15
Mumbai,MovieTimeHubMallGoregaonE,Marathi,22:45,Gold,170₹,196,175
NaviMumbai,PvrOrionPanvel,Marathi,23:00,Classic,180₹,20,14
NaviMumbai,PvrOrionPanvel,Marathi,23:00,Prime,210₹,98,97
NaviMumbai,PvrOrionPanvel,Marathi,23:00,PrimePlus,240₹,27,27
Kolhapur,PvrDypCityMallKavalaNaka,Marathi,23:00,Prime,210₹,179,178
Kolhapur,PvrDypCityMallKavalaNaka,Marathi,23:00,Recliner,400₹,13,12
Kolhapur,PvrDypCityMallKavalaNaka,Marathi,23:00,Classic,190₹,51,36
Pune,PvrKumarPacificMallSwarGate,Marathi,23:00,Classic,320₹,24,0
Pune,PvrKumarPacificMallSwarGate,Marathi,23:00,Prime,320₹,192,117
Nashik,CinemaxCityCenterNasik,Marathi,23:00,Recliner,370₹,33,25
Nashik,CinemaxCityCenterNasik,Marathi,23:00,Prime,230₹,135,86
Nashik,CinemaxCityCenterNasik,Marathi,23:00,Classic,180₹,34,2
Mumbai,CinepolisMagnetMallBhandupW,Marathi,23:00,Premium,170₹,46,8
Mumbai,CinepolisMagnetMallBhandupW,Marathi,23:00,Vip,300₹,16,4
Mumbai,CinepolisMagnetMallBhandupW,Marathi,23:00,Executive,150₹,34,3
Mumbai,CinepolisMagnetMallBhandupW,Marathi,23:00,Normal,140₹,30,0
Pune,PvrIconPavillionMallShivajinagar,Marathi,23:00,Classic,350₹,28,0
Pune,PvrIconPavillionMallShivajinagar,Marathi,23:00,Prime,350₹,134,46
Pune,PvrIconPavillionMallShivajinagar,Marathi,23:00,Recliner,650₹,8,0
Pune,CinepolisSeasonsMallHadapsar,Marathi,23:00,Normal,240₹,29,2
Pune,CinepolisSeasonsMallHadapsar,Marathi,23:00,Executive,260₹,83,56
Pune,CinepolisSeasonsMallHadapsar,Marathi,23:00,Premium,260₹,35,35
Thane,CinepolisVivianaMallThaneW,Marathi,23:15,Normal,240₹,27,4
Thane,CinepolisVivianaMallThaneW,Marathi,23:15,Executive,260₹,106,93
Thane,CinepolisVivianaMallThaneW,Marathi,23:15,Premium,280₹,46,35
Thane,MaxusCinemasMaxusMallBhayandar,Marathi,23:30,Sofa,349₹,25,5
Thane,MaxusCinemasMaxusMallBhayandar,Marathi,23:30,PremiumPlus,299₹,60,25
Thane,MaxusCinemasMaxusMallBhayandar,Marathi,23:30,Premium,249₹,24,18
Nagpur,ButyCineplexSadar,Marathi,23:55,Balcony,200₹,100,0
Nagpur,ButyCineplexSadar,Marathi,23:55,Reserve,150₹,100,0
Nagpur,ButyCineplexSadar,Marathi,23:55,First,80₹,100,0